-77.50000000  36.00000000
-77.50000000  40.00000000
-74.50000000  36.00000000
-74.50000000  40.00000000
-77.38978495  38.92539683
-77.04415055  38.84653698
-77.05144267  38.83672736
-77.04519228  38.82103196
-77.04935921  38.81318426
-77.05248441  38.80631753
-77.04727574  38.80239368
-77.05456787  38.79062213
-77.05665134  38.77983154
-77.05769307  38.77002192
-77.05665134  38.75825037
-77.05733506  38.75180243
-77.05842580  38.74143432
-77.05242673  38.73501597
-77.05242673  38.72761017
-77.05297210  38.71971066
-77.06660636  38.71724207
-77.06224340  38.71921694
-77.07478692  38.71477347
-77.07751378  38.71131743
-77.08351285  38.71082371
-77.09223878  38.70983627
-77.09987397  38.70489908
-77.10641842  38.70193676
-77.11568972  38.69848073
-77.12114343  38.69403725
-77.12768788  38.68910006
-77.13205084  38.68959378
-77.03933651  38.84483065
-77.03574143  38.84580927
-77.03317351  38.84483065
-77.02803767  38.86244581
-77.02444259  38.86146719
-77.01340054  38.85657409
-77.01211659  38.82427963
-77.01314375  38.80960033
-77.01288696  38.79687827
-77.01314375  38.78513483
-77.01288696  38.76458381
-77.01699563  38.76066933
-77.01288696  38.75284037
-77.01160300  38.74599003
-77.01237338  38.72348177
-77.01494129  38.72152453
-77.01776600  38.70488799
-77.02367221  38.68923007
-77.03188955  38.68531559
-77.03907972  38.68629421
-77.04883780  38.68335835
-77.05346006  38.68335835
-77.06167739  38.67650801
-77.07092189  38.67161491
-77.07990960  38.67357215
-77.08478865  38.66672181
-77.09146523  38.65693561
-77.09685786  38.65204251
-77.09711465  38.63736321
-77.09711465  38.62170529
-77.09865540  38.61094048
-77.10276407  38.60702600
-77.10789990  38.60898324
-77.11200857  38.60604738
-77.11663082  38.60311152
-77.12228024  38.60213290
-77.12818645  38.60017566
-77.13332229  38.59821842
-77.13948529  38.59626118
-77.14564829  38.59528256
-77.14821621  38.59234670
-77.13820133  38.68433697
-77.13691737  38.67357215
-77.13999887  38.67161491
-77.14282358  38.66476457
-77.14735164  38.65609565
-77.15228774  38.64542101
-77.15969190  38.64213650
-77.16413439  38.63556749
-77.16907049  38.62899847
-77.17548743  38.63556749
-77.18239797  38.63146185
-77.18832129  38.62571397
-77.19671267  38.63146185
-77.20164877  38.63310411
-77.20559765  38.63967312
-77.21398903  38.64131537
-77.22238040  38.64295763
-77.23570788  38.63967312
-77.24558009  38.62571397
-77.25150341  38.61503932
-77.25446507  38.59943792
-77.24903536  38.60190130
-77.25594590  38.58876327
-77.26236284  38.57562524
-77.26779255  38.56412947
-77.27470309  38.55345482
-77.27963920  38.54770694
-77.28506891  38.53621117
-77.29099223  38.52307314
-77.29790278  38.51896751
-77.30185166  38.51239849
-77.30580054  38.50582948
-77.30974942  38.49187033
-77.31567275  38.48201681
-77.32307690  38.46641540
-77.32653217  38.44752949
-77.32455773  38.42207457
-77.32110246  38.40893654
-77.31863441  38.39333513
-77.31271108  38.37280697
-77.31567275  38.38183936
-77.30481332  38.36705908
-77.29592834  38.35063655
-77.28704335  38.34899430
-77.27667753  38.33914078
-77.26680533  38.33092951
-77.25841395  38.33175064
-77.25051619  38.32928726
-77.24360564  38.32600275
-77.23521427  38.32846613
-77.22830373  38.32518162
-77.22040596  38.32518162
-77.21349542  38.32600275
-77.20658487  38.32600275
-77.20066155  38.32846613
-77.19572545  38.33010838
-77.18980212  38.33010838
-77.18091714  38.33257176
-77.17351298  38.33421402
-77.16610883  38.33503514
-77.16067912  38.33749852
-77.15475579  38.33914078
-77.14883247  38.34160416
-77.14290915  38.34406754
-77.13846665  38.34735204
-77.13402416  38.34735204
-77.13007528  38.35145768
-77.12513918  38.35309993
-77.12069668  38.35227880
-77.11625419  38.35309993
-77.11279892  38.35392106
-77.10786282  38.35802669
-77.10391393  38.35720556
-77.09848422  38.35966894
-77.09453534  38.36049007
-77.09058646  38.36131120
-77.08614396  38.36213232
-77.07923342  38.36459570
-77.07528454  38.36541683
-77.15376857  38.59122665
-77.16018551  38.59040552
-77.16709605  38.58712102
-77.17351298  38.58055200
-77.17992992  38.57398299
-77.18338519  38.57151961
-77.19128295  38.56166609
-77.19868711  38.55263370
-77.20559765  38.54606469
-77.21152098  38.53949567
-77.21793791  38.53292666
-77.22336762  38.52882103
-77.22731651  38.52143089
-77.23323983  38.51157737
-77.23965676  38.50911399
-77.24360564  38.50500835
-77.24508648  38.49351258
-77.24755453  38.48283794
-77.24854175  38.47298442
-77.24903536  38.45984639
-77.24903536  38.45081400
-77.24755453  38.44260273
-77.25249063  38.42946471
-77.24558009  38.43110696
-77.24459287  38.41796893
-77.24903536  38.41057879
-77.24261842  38.40565203
-77.23472066  38.40565203
-77.22534206  38.39744077
-77.22139318  38.39169288
-77.21300181  38.39005063
-77.20411682  38.38266049
-77.19868711  38.38266049
-77.19177656  38.38430274
-77.17992992  38.38676612
-77.17400659  38.38676612
-77.16709605  38.38840837
-77.16018551  38.39333513
-77.15080691  38.39908302
-77.14192193  38.40236753
-77.13303694  38.40565203
-77.12662001  38.40975767
-77.11970946  38.41304217
-77.11181170  38.41796893
-77.10292671  38.42371682
-77.09601617  38.42618020
-77.08811840  38.42864358
-77.08219508  38.43192809
-77.07824620  38.43439146
-77.00223021  38.84741815
-77.00420466  38.83592238
-76.03626862  38.02303035
-76.03087590  38.02086878
-76.02382389  38.01924759
-76.01469776  38.01654562
-76.00515681  38.01708602
-75.99810480  38.01492444
-75.99603068  38.00627813
-75.99478621  37.99817222
-75.99561586  37.99168749
-75.99768998  37.98412197
-76.00017892  37.97655645
-76.00266787  37.97115250
-76.00806058  37.96412738
-76.01220882  37.95602146
-76.01220882  37.95061752
-76.01594224  37.94953673
-76.02174977  37.94413279
-76.02631284  37.93818845
-76.03253520  37.93656727
-76.04249098  37.95331949
-76.03585379  37.94899634
-76.03460932  37.96142541
-76.03585379  37.97115250
-76.02755731  37.98142000
-76.03377967  37.99168749
-76.03419450  37.99871261
-76.04166133  38.00465695
-76.03502415  38.01114168
-76.02880178  38.01060129
-76.01220882  37.99979340
-76.01801636  37.98520276
-76.02382389  37.96628896
-76.04332063  38.11111462
-76.02797214  38.11435699
-76.02423872  38.10462989
-76.01843118  38.09220082
-76.01386812  38.07815057
-76.01677189  38.07490820
-76.02880178  38.07652939
-76.03377967  38.08517570
-76.04580957  38.09652398
-76.03212038  38.09868555
-76.02382389  38.08787767
-76.08189927  38.16839641
-76.07526208  38.15975011
-76.06779525  38.15596735
-76.05783947  38.15704813
-76.04829852  38.15975011
-76.04124651  38.16353287
-76.03336485  38.16569444
-76.04000203  38.17380036
-76.04166133  38.17920430
-76.05120229  38.18028509
-76.06074324  38.17812351
-76.07028419  38.17596193
-76.06157289  38.16785602
-75.89854702  38.18352745
-75.91016209  38.18082548
-75.91970305  38.17974469
-75.92924400  38.17542154
-75.93754048  38.17055799
-75.93795531  38.16299247
-75.93256259  38.15542695
-75.92302164  38.15110380
-75.91638445  38.15272498
-75.90435455  38.15380577
-75.89481360  38.15380577
-75.90103596  38.16137129
-75.88776159  38.18568903
-75.88153923  38.18947179
-75.87241310  38.19271416
-75.86038320  38.19271416
-75.85042742  38.19433534
-75.84254576  38.19865849
-75.83176034  38.20027968
-75.82056009  38.20406244
-75.80894501  38.20838559
-75.80770054  38.21541072
-75.81309325  38.22567821
-75.88361335  38.15434616
-75.87490204  38.15164419
-75.85955355  38.15434616
-75.86453144  38.15434616
-75.84337541  38.15272498
-75.83632340  38.15272498
-75.82429350  38.15488656
-75.81765632  38.15002301
-75.80977466  38.14732104
-75.80645607  38.13867473
-75.80562642  38.12246290
-75.80645607  38.11435699
-75.81267843  38.10517028
-75.81724149  38.09868555
-75.81474858  38.08983394
-75.81799234  38.08573524
-75.82642611  38.08345818
-75.83810363  38.08072571
-75.83940113  38.07343914
-75.84653739  38.07025126
-75.84069863  38.06751879
-75.82188485  38.06660797
-75.82837236  38.06660797
-75.80242231  38.06524174
-75.79204229  38.05658893
-75.79269104  38.04748070
-75.79917856  38.04520365
-75.78879854  38.03837248
-75.79333980  38.03017508
-75.80177356  38.02698720
-75.81280233  38.02288850
-75.82383110  38.02106686
-75.84747797  38.01387959
-75.83638060  38.01518055
-75.85783551  38.01648152
-75.85783551  38.00867571
-75.85931516  37.99956892
-75.86819305  37.99371456
-75.86597358  37.98265632
-75.86523375  37.97550099
-75.85191691  37.97159808
-75.84007972  37.97094760
-75.82824253  37.96964663
-75.81048675  37.97029711
-75.80012921  37.96769518
-75.78829202  37.96639421
-75.77867430  37.96899615
-75.76091851  37.96964663
-75.75204062  37.97094760
-75.73872378  37.97094760
-75.72614677  37.97224857
-75.71948835  37.97615148
-75.70617151  37.97289905
-75.69433432  37.97354954
-75.68545643  37.97420002
-75.67435906  37.97420002
-75.66696082  37.97289905
-75.65882275  37.96769518
-75.64772538  37.96769518
-75.63736784  37.96834566
-75.62627048  37.96444275
-75.61813241  37.95793791
-75.61739258  37.94948161
-75.61443329  37.93842337
-75.61591293  37.93061755
-75.62553065  37.92411271
-75.64106696  37.92151077
-75.65512363  37.92216125
-75.66548117  37.92216125
-75.68027766  37.92216125
-75.68989537  37.92086028
-75.69655379  37.91695737
-75.70543168  37.91175350
-75.71578923  37.90785059
-75.71948835  37.89939429
-75.70617151  37.90069526
-75.69285467  37.90720011
-75.68619625  37.90329720
-75.67583871  37.89744284
-75.67065994  37.89028750
-75.66770064  37.88183120
-75.66474134  37.87597684
-75.66474134  37.86817103
-75.66400152  37.85971473
-75.66400152  37.84735552
-75.66178205  37.83434583
-75.66252187  37.82523904
-75.67307481  37.82188572
-75.67913643  37.82549223
-75.68433211  37.82459060
-75.68952778  37.81918085
-75.69212562  37.81286947
-75.69299156  37.80565646
-75.69299156  37.80114833
-75.69385751  37.79393533
-75.69818724  37.79032882
-75.70078508  37.79213208
-75.70251697  37.78582070
-75.70684670  37.77860769
-75.71377427  37.77229631
-75.72416562  37.77229631
-75.73195913  37.77229631
-75.74061859  37.77229631
-75.74841210  37.77229631
-75.75707156  37.77139468
-75.76140129  37.78221419
-75.76659696  37.78582070
-75.77092669  37.77770606
-75.77785426  37.77229631
-75.77265858  37.76328005
-75.77092669  37.75246054
-75.78045210  37.74795241
-75.78564777  37.74614916
-75.78911156  37.73623128
-75.79603912  37.72901827
-75.79170939  37.74885404
-75.79257534  37.74073941
-75.80036885  37.72901827
-75.80123480  37.72000202
-75.80643047  37.71369064
-75.81595588  37.70828088
-75.81682182  37.70016625
-75.81855372  37.69024837
-75.82288345  37.68754349
-75.82548128  37.68033049
-75.82634723  37.67672398
-75.82374939  37.66951098
-75.82374939  37.66139635
-75.82634723  37.65508496
-75.83414074  37.65328171
-75.84626398  37.65057684
-75.85319155  37.65057684
-75.86271696  37.65057684
-75.86358290  37.64156058
-75.86531479  37.63254432
-75.86877858  37.62533132
-75.87484020  37.61721668
-75.88090182  37.61631506
-75.88869533  37.61721668
-75.89648885  37.61631506
-75.89822074  37.61090530
-75.89908668  37.60369230
-75.90255047  37.59557767
-75.90428236  37.58565978
-75.90341641  37.57574190
-75.91467371  37.56762727
-75.91380776  37.55861101
-75.99295025  37.83367126
-75.99565051  37.83059754
-75.99502045  37.82699689
-75.99214017  37.82462573
-75.98997996  37.82084944
-75.99015998  37.81610712
-75.98565954  37.82146418
-75.98862983  37.82497701
-75.99124008  37.82901676
-75.99043001  37.83261741
-76.17150538  36.64761905
-76.15967742  36.35396825
-76.49677419  36.57619048
-76.82204301  36.74285714
-77.08817204  36.96507937
-77.49623656  37.67936508
-77.10591398  37.51269841
-76.75698925  37.63968254
-77.11774194  37.84603175
-77.19462366  38.12380952
-76.46129032  37.83809524
-76.65645161  37.94126984
-76.62688172  38.31428571
-76.85161290  38.48888889
-77.11182796  38.50476190
-76.60913978  38.58412698
-76.66236559  38.86190476
-76.68010753  39.06825397
-76.57365591  39.58412698
-76.28387097  39.58412698
-76.04731183  39.72698413
-75.78709677  39.71904762
-75.37903226  39.53650794
-75.74569892  39.40158730
-76.11827957  39.24285714
-75.86397849  39.25079365
-75.91129032  39.10000000
-76.02365591  38.92539683
-75.81075269  38.85396825
-75.71021505  38.60000000
-76.10053763  38.43333333
-75.74569892  38.42539683
-75.53279570  38.28253968
-75.39677419  38.11587302
-75.29623656  38.35396825
-75.89946237  37.27460317
-75.78118280  37.52857143
-75.52096774  37.99682540
-74.95913978  38.63174603
-74.65752688  37.85396825
-74.58655914  37.26666667
-74.71075269  36.60000000
-75.01827957  36.19523810
-75.37311828  36.03650794
-75.87580645  35.91746032
-75.96939145  37.09218374
-75.96186650  37.08617124
-75.95358905  37.07915665
-75.94907407  37.08917749
-75.94380661  37.09519000
-75.93327167  37.10120250
-75.92424172  37.10020042
-75.91746926  37.10420875
-75.90994431  37.10521084
-75.90392435  37.10621292
-75.90317185  37.11422960
-75.89639939  37.12124419
-75.89263691  37.12525253
-75.88661695  37.13527337
-75.87984449  37.14329004
-75.87231954  37.14429213
-75.86930955  37.15531506
-75.86027961  37.16232965
-75.85124966  37.16433381
-75.84447720  37.17134840
-75.83996223  37.17936508
-75.83017979  37.18337342
-75.82114984  37.18938592
-75.82792230  37.19339426
-75.82942729  37.20541927
-75.82942729  37.21443803
-75.82415983  37.22145262
-75.82039735  37.23247555
-75.81588238  37.24249639
-75.80910992  37.24650473
-75.80083247  37.24951098
-75.79932748  37.25953183
-75.79706999  37.26955267
-75.79330751  37.27756934
-75.79105003  37.28859227
-75.78653505  37.29460478
-75.78427757  37.30662979
-75.78126758  37.31765272
-75.77374263  37.32366522
-75.76546518  37.32466731
-75.75944522  37.32166105
-75.75493024  37.33168190
-75.74815778  37.34170274
-75.73837534  37.34170274
-75.72708791  37.34070066
-75.72708791  37.35072150
-75.72332543  37.36374860
-75.71730547  37.37176527
-75.71279050  37.38078403
-75.70601804  37.39080487
-75.70075057  37.40082572
-75.96186650  37.09919833
-75.95434154  37.11022126
-75.95208406  37.12224627
-75.95208406  37.13627545
-75.95434154  37.14429213
-75.96111400  37.15130672
-75.96412398  37.15731922
-75.96939145  37.16333173
-75.97390642  37.16734007
-75.97691641  37.17535674
-75.97917389  37.18237133
-75.98218387  37.18938592
-75.98745134  37.19539843
-75.99798628  37.19539843
-75.99572879  37.20241302
-75.99798628  37.21443803
-76.00325375  37.22045054
-76.00250125  37.22946930
-76.00250125  37.23648389
-76.00551123  37.25151515
-76.00475874  37.25752766
-75.99949127  37.26253808
-75.99271881  37.26654642
-75.99271881  37.27756934
-75.99347131  37.29159852
-76.00475874  37.30562771
-75.99648129  37.30161937
-75.99347131  37.31164021
-76.01002621  37.30462562
-75.99347131  37.32867565
-75.98745134  37.33368607
-75.98745134  37.32366522
-75.98067888  37.33769440
-75.97917389  37.35873818
-75.97465892  37.34370691
-75.96939145  37.35873818
-75.95885652  37.37276736
-75.96261899  37.38379028
-75.96487648  37.39581530
-75.96186650  37.40884239
-75.96337149  37.42086740
-75.91704447  37.54844011
-75.91578357  37.53629364
-75.92032281  37.52900575
-75.92889695  37.52380012
-75.93343619  37.51859449
-75.93242747  37.50991843
-75.93343619  37.49916012
-75.93494928  37.48805477
-75.94049724  37.47799055
-75.95033228  37.47486717
-75.93873198  37.46792633
-75.94554085  37.46063844
-75.94932356  37.45335055
-75.94982792  37.44189816
-75.95461935  37.42489309
-77.07073743  38.42977970
-77.06390568  38.42865747
-77.05764323  38.42865747
-77.05138079  38.42809635
-77.04454903  38.42865747
-77.03714796  38.42809635
-77.02690033  38.42865747
-77.01551407  38.42809635
-77.00583575  38.42304632
-76.99672674  38.41967963
-76.99160292  38.41406848
-76.98534048  38.40957956
-76.97793941  38.40116284
-76.97281559  38.39162388
-76.97167697  38.38432939
-76.97053834  38.37647378
-76.96598384  38.37142375
-76.96199865  38.36412925
-76.95972140  38.35683476
-76.96029071  38.34954026
-76.95459758  38.34561246
-76.95004307  38.33887908
-76.94491926  38.33326793
-76.93751819  38.32877901
-76.93068643  38.32316786
-76.92556261  38.31699560
-76.91816155  38.31194556
-76.91360704  38.30689553
-76.90506735  38.30128438
-76.90222078  38.29511212
-76.89595834  38.29118431
-76.89140383  38.28893985
-76.88628002  38.28445093
-76.88001757  38.27996201
-76.87318582  38.27547310
-76.86635406  38.27098418
-76.85895299  38.26705637
-76.85155192  38.26425080
-76.84585879  38.26144522
-76.83845772  38.25863965
-76.83390322  38.25527296
-76.82821009  38.25022292
-76.81967040  38.24797846
-76.81283864  38.24348955
-76.80828414  38.24348955
-76.79803650  38.24461178
-76.79405131  38.24236732
-76.78778887  38.23787840
-76.77924917  38.23563394
-76.77127879  38.23338948
-76.76330841  38.23282836
-76.75704596  38.23282836
-76.75363009  38.23058390
-76.74565970  38.22946167
-76.73939726  38.23002279
-76.73256551  38.22946167
-76.72516444  38.22833944
-76.72231787  38.22609498
-76.71434749  38.22553387
-76.70808505  38.22441164
-77.06959881  38.36805706
-77.06219774  38.37479043
-77.05308873  38.37366820
-77.04739560  38.37759601
-77.03942522  38.37535155
-77.02917758  38.37310709
-77.02234583  38.36861817
-77.02177651  38.36188479
-77.02291514  38.35290695
-77.02291514  38.34505134
-77.02234583  38.33382905
-77.02234583  38.32597344
-77.02006857  38.31755671
-77.01722201  38.30857888
-77.01323682  38.29903992
-77.01039025  38.29118431
-77.00640506  38.28332870
-77.00298918  38.27827867
-76.99615743  38.27322864
-76.99046430  38.26649526
-76.98534048  38.25920076
-76.98078598  38.25358961
-76.97338491  38.24741735
-76.96712246  38.24012286
-76.96029071  38.23451171
-76.95516689  38.22665610
-76.95118170  38.22160606
-76.94491926  38.21543380
-76.93808750  38.21094488
-76.93239437  38.20365039
-76.92499330  38.19972258
-76.91702292  38.19523366
-76.91019116  38.19186697
-76.90335941  38.18906140
-76.89538903  38.18569471
-76.88741864  38.18176691
-76.88001757  38.17783910
-76.87033925  38.17559464
-76.86293818  38.17054461
-76.85667574  38.16773903
-76.84870536  38.16549457
-76.84016566  38.16661680
-76.83333391  38.16549457
-76.82536353  38.16437234
-76.81682383  38.16100565
-76.80942276  38.16100565
-76.80486826  38.15820008
-76.79632856  38.15763896
-76.79063543  38.15651673
-76.78380368  38.15707785
-76.77298673  38.15763896
-76.76672429  38.15763896
-76.75989253  38.15707785
-76.75306077  38.15707785
-76.74793696  38.15707785
-76.74224383  38.15483339
-76.73541207  38.15539450
-76.72971894  38.15371116
-76.72459512  38.15427227
-76.71833268  38.15427227
-76.71150092  38.15371116
-76.70694642  38.15371116
-76.70182260  38.22385052
-76.69442153  38.22497275
-76.68531253  38.22272829
-76.67563420  38.22272829
-76.66937176  38.22328941
-76.66083207  38.22385052
-76.65058443  38.22497275
-76.64204474  38.21880049
-76.63407436  38.21880049
-76.62553466  38.21823937
-76.61756428  38.21599491
-76.60788596  38.21431157
-76.60048489  38.20926154
-76.58852931  38.20757819
-76.57998962  38.20477262
-76.56860336  38.20028370
-76.56234092  38.19691701
-76.55550916  38.19018363
-76.54696947  38.18120579
-76.53786046  38.17503353
-76.53102870  38.16886126
-76.52362763  38.16156677
-76.51508794  38.15595562
-76.51110275  38.14922224
-76.50540962  38.14922224
-76.49800855  38.14753890
-76.49060748  38.14417221
-76.48662229  38.13631660
-76.47922122  38.12846099
-76.47865190  38.12004426
-76.47865190  38.11274977
-76.47352809  38.10769974
-76.46954290  38.11331089
-76.47238946  38.12004426
-76.48434503  38.14810001
-76.47580534  38.15315004
-76.46840427  38.15651673
-76.46100320  38.15820008
-76.44904763  38.15932231
-76.43936931  38.16100565
-76.42969099  38.15932231
-76.42399786  38.15763896
-76.41375022  38.15258893
-76.41375022  38.14529444
-76.41488885  38.13575548
-76.41830473  38.12509430
-76.41090366  38.12621653
-76.40748778  38.12284984
-76.39951740  38.12060538
-76.39325495  38.11555535
-76.70125329  38.15090558
-76.69214428  38.15034447
-76.68531253  38.14753890
-76.67961940  38.14473332
-76.67392627  38.14361109
-76.66823314  38.14024440
-76.66026275  38.13463325
-76.65400031  38.13351102
-76.64204474  38.13407214
-76.63464367  38.13126656
-76.62781191  38.13238879
-76.62610397  38.12565541
-76.61699497  38.12116649
-76.61471771  38.11218866
-76.61244046  38.10377193
-76.60560870  38.09479409
-76.59934626  38.09142740
-76.59365313  38.08581626
-76.58625206  38.07908288
-76.57942031  38.07515507
-76.57372718  38.07066615
-76.56689542  38.06954392
-76.55892504  38.06617723
-76.55323191  38.06393277
-76.54753878  38.06000497
-76.54184565  38.05551605
-76.53899908  38.04822156
-76.53786046  38.03868260
-76.53558321  38.03363257
-76.52647420  38.02689919
-76.51964244  38.02184916
-76.51224137  38.01623801
-76.50370168  38.01399355
-76.49630061  38.01231020
-76.49060748  38.01287132
-76.48491435  38.00613794
-76.47808259  38.00389348
-76.47238946  37.99940456
-76.46100320  37.99547675
-76.46897358  37.99547675
-76.45246351  37.99154895
-76.44449312  37.98706003
-76.43652274  37.98257111
-76.42855236  37.97976554
-76.41944335  37.97527662
-76.38585388  38.19803924
-76.38243801  38.18962251
-76.37560625  38.18962251
-76.36877449  38.18681694
-76.36706656  38.17952245
-76.36365068  38.17166684
-76.36023480  38.16605569
-76.35795755  38.15988342
-76.35511098  38.15315004
-76.35511098  38.14641667
-76.35112579  38.14080552
-76.34884854  38.13238879
-76.34827923  38.12509430
-76.34372472  38.12060538
-76.33860090  38.11443312
-76.33746228  38.10601639
-76.33689297  38.09591632
-76.33746228  38.08806071
-76.33973953  38.08020511
-76.34372472  38.07347173
-76.35340304  38.06898281
-76.35624961  38.07571619
-76.36080411  38.08076622
-76.36706656  38.08469403
-76.37162106  38.09086629
-76.37503694  38.09647744
-76.38016075  38.10152747
-76.38642320  38.10657751
-76.35568029  38.10377193
-76.37902213  38.14024440
-76.41204228  38.17503353
-76.48946885  38.18793917
-76.41090366  37.97190993
-76.40350259  37.96854324
-76.39439358  37.96517655
-76.38471526  37.96405432
-76.37674488  37.96012651
-76.36934381  37.95507648
-76.35966549  37.94946533
-76.34941785  37.94609864
-76.34087816  37.94160972
-76.33518503  37.94160972
-76.32892258  37.93543746
-76.32322945  37.93094854
-76.31582838  37.92758185
-76.30956594  37.92477628
-76.30273419  37.92084847
-76.29533312  37.91804290
-76.28679342  37.91748178
-76.28110029  37.91411509
-76.27768441  37.90906506
-76.27426853  37.90457614
-76.26743678  37.90120945
-76.26402090  37.89447607
-76.38983908  38.20308927
-76.39325495  38.20982265
-76.39439358  38.21543380
-76.39610152  38.22385052
-76.39610152  38.23114502
-76.40122534  38.23787840
-76.40122534  38.24461178
-76.40086483  38.25260901
-76.39998406  38.25954855
-76.40042445  38.26463755
-76.40130522  38.27065182
-76.40086483  38.27620346
-76.39602060  38.28175509
-76.39249752  38.28453091
-76.38941483  38.28961991
-76.38721291  38.29517155
-76.38853406  38.29887264
-76.39558022  38.29794737
-76.40438791  38.29517155
-76.41011291  38.29147046
-76.41627830  38.28915728
-76.42728792  38.28869464
-76.43389369  38.28869464
-76.44314177  38.28915728
-76.44886677  38.28869464
-76.45679369  38.28961991
-76.46560139  38.29424628
-76.47220716  38.29933528
-76.47705139  38.30488691
-76.48277639  38.31090118
-76.48894178  38.31691546
-76.49554755  38.32385500
-76.49774947  38.33125718
-76.50435524  38.33680882
-76.50919948  38.34652418
-76.51448409  38.35253846
-76.52417256  38.35855273
-76.52945717  38.36502964
-76.53914564  38.37150655
-76.54707256  38.37520764
-76.55543987  38.37844609
-76.56116487  38.38260982
-76.56556872  38.38399773
-76.57305526  38.38631091
-76.57922065  38.38908673
-76.58890911  38.39325045
-76.59551488  38.39695155
-76.60168027  38.39972736
-76.60608412  38.40204054
-76.61268989  38.40805482
-76.61797450  38.40944273
-76.51404371  38.50752163
-76.51052063  38.49919418
-76.50435524  38.49456781
-76.50523601  38.48624036
-76.49995140  38.47791291
-76.49202447  38.47374918
-76.48321678  38.47097336
-76.47749178  38.46542172
-76.47264754  38.45709427
-76.47088601  38.45293054
-76.46560139  38.44367782
-76.46075716  38.43766354
-76.45327062  38.43442509
-76.44974754  38.42794818
-76.44270138  38.42239654
-76.43565523  38.41823282
-76.42772830  38.41453173
-76.42640715  38.40620427
-76.42112253  38.40204054
-76.41759945  38.39695155
-76.41407638  38.39139991
-76.41099368  38.38538564
-76.40923214  38.38029664
-76.40350714  38.37983400
-76.39778214  38.37937136
-76.39558022  38.37428236
-76.39293791  38.36780546
-76.39205714  38.36086591
-76.39910329  38.36040327
-76.40526868  38.35855273
-76.40696233  38.35382563
-76.40763133  38.34839027
-76.41030733  38.34476669
-76.41766635  38.34023723
-76.42234935  38.33525482
-76.42837036  38.33434892
-76.43773638  38.33117830
-76.44710239  38.33027240
-76.45513040  38.32846062
-76.46048241  38.33253714
-76.46382742  38.33842544
-76.46315842  38.34567259
-76.46382742  38.35291973
-76.46583442  38.35880804
-76.47252443  38.36469635
-76.47787644  38.37013170
-76.48456645  38.37737885
-76.49259446  38.38507894
-76.49861547  38.39142019
-76.50664348  38.39730850
-76.51534050  38.40364975
-76.53005852  38.40908511
-76.52336851  38.40546154
-76.42970836  38.36197867
-76.46650342  38.39549671
-76.53875553  38.40953806
-76.54544554  38.41452047
-76.55079755  38.41814404
-76.55614956  38.41995583
-76.56217057  38.42040878
-76.57086758  38.42448530
-76.57755759  38.42675003
-76.58491660  38.43218539
-76.59160661  38.43716780
-76.59628962  38.44305611
-76.60164163  38.44713263
-76.60766264  38.45120915
-76.61301465  38.45573861
-76.62171166  38.45981513
-76.62438766  38.46570344
-76.62773267  38.47249764
-76.63375368  38.47657415
-76.63709868  38.48246246
-76.64044369  38.48789782
-76.64378869  38.49288023
-76.64914070  38.49922148
-76.64579570  38.50601568
-76.64378869  38.51462167
-76.64579570  38.52141587
-76.64780270  38.52866301
-76.64980970  38.53681605
-76.65114771  38.54496909
-76.64980970  38.55312213
-76.65716871  38.56082222
-76.65850672  38.56852231
-76.65716871  38.57712830
-76.65783772  38.58392250
-76.65783772  38.59162259
-76.66854173  38.59705795
-76.68325976  38.59932268
-76.68727376  38.58935786
-76.68593576  38.57758125
-76.68593576  38.56761642
-76.68727376  38.55402802
-76.68593576  38.54587498
-76.69128777  38.53681605
-76.69195677  38.52775712
-76.68994977  38.51915114
-76.68392876  38.51824524
-76.68392876  38.51235694
-76.68392876  38.50420390
-76.68259075  38.49333318
-76.68125275  38.48110362
-76.67523174  38.47113880
-76.66921073  38.45981513
-76.66385873  38.44894441
-76.65783772  38.43943253
-76.64914070  38.42992066
-76.64111269  38.42176762
-76.63509168  38.41587931
-76.62840167  38.41089690
-76.51467150  38.51462167
-76.51734750  38.51960408
-76.52671351  38.52821007
-76.52203051  38.53273953
-76.52671351  38.54179847
-76.52269951  38.52322765
-76.52738252  38.55131034
-76.52269951  38.55810454
-76.52069250  38.56489874
-76.52002350  38.56942821
-76.51868550  38.57531651
-76.52203051  38.58573429
-76.52336851  38.59116964
-76.51467150  38.59977563
-76.52269951  38.59751090
-76.52069250  38.60656983
-76.52203051  38.61291108
-76.52203051  38.62061117
-76.52069250  38.62514064
-76.52537551  38.63057600
-76.52805152  38.63737020
-76.52938952  38.64325850
-76.53407253  38.64824092
-76.53741753  38.65639395
-76.53875553  38.66273521
-76.53674853  38.66862351
-76.53607953  38.67496477
-76.53607953  38.68085307
-76.53607953  38.68674138
-76.53607953  38.69308263
-76.53607953  38.69987683
-76.54611454  38.70531219
-76.54076254  38.70078272
-76.53541053  38.71437112
-76.54276954  38.71210639
-76.54009353  38.72071237
-76.54143154  38.72841246
-76.54410754  38.73294193
-76.55213555  38.73520666
-76.55213555  38.74335970
-76.55280455  38.75241863
-76.54544554  38.75921283
-76.55347356  38.76283641
-76.55347356  38.77053650
-76.55481156  38.78004838
-76.55146655  38.78412490
-76.54343854  38.78457784
-76.52938952  38.78412490
-76.53005852  38.78956025
-76.52738252  38.79635445
-76.52604451  38.80360160
-76.52203051  38.80858401
-76.52203051  38.81401937
-76.52336851  38.81945473
-76.52470651  38.82489009
-76.51467150  38.82987250
-76.52403751  38.83576081
-76.52470651  38.83983733
-76.52537551  38.84527269
-76.52537551  38.85070805
-76.52403751  38.85433162
-76.52403751  38.86248466
-76.52403751  38.86610823
-76.52336851  38.87244948
-76.28654214  38.82036062
-76.29122515  38.81628410
-76.29390116  38.81220758
-76.29657716  38.80541339
-76.29858416  38.79997803
-76.30059117  38.79273088
-76.30126017  38.78684257
-76.30728118  38.78321900
-76.31062618  38.77597186
-76.31397119  38.77280123
-76.31865419  38.76781882
-76.31999220  38.76283641
-76.32333720  38.75921283
-76.32668221  38.74834211
-76.32601320  38.73701845
-76.32868921  38.73203604
-76.32935821  38.72524184
-76.33069621  38.71890059
-76.33203421  38.71437112
-76.33203421  38.71029460
-76.33002721  38.69761209
-76.33270322  38.69353558
-76.32735121  38.68810022
-76.31597819  38.75377747
-76.30326717  38.75513631
-76.29390116  38.75151274
-76.28788015  38.74653033
-76.28587314  38.73883024
-76.28654214  38.73067720
-76.28654214  38.72207121
-76.58424760  38.52821007
-76.54009353  38.46570344
-76.83110898  38.41044395
-76.73945584  38.34657848
-76.53942453  38.25553621
-76.25870197  37.88806702
-76.25622488  37.87860694
-76.25374779  37.87132996
-76.25065142  37.86332528
-76.25622488  37.85532060
-76.25684415  37.84586052
-76.25684415  37.83712814
-76.26117906  37.82985116
-76.26613325  37.82839577
-76.27294525  37.82839577
-76.28161508  37.83057886
-76.28904635  37.82912346
-76.29647763  37.83057886
-76.30638600  37.82839577
-76.31195946  37.82402958
-76.31567510  37.81675259
-76.31567510  37.80802022
-76.31629437  37.79856014
-76.31629437  37.79055546
-76.31567510  37.78255078
-76.31567510  37.77017991
-76.31567510  37.75926444
-76.31381728  37.74834896
-76.32001001  37.74325508
-76.32124856  37.73379500
-76.32062928  37.72142413
-76.32124856  37.71123636
-76.32186783  37.70032088
-76.32991838  37.70104858
-76.33239547  37.69304390
-76.33982675  37.69086081
-76.34044602  37.67994533
-76.34230384  37.67121295
-76.34168457  37.66029748
-76.34168457  37.65083741
-76.34230384  37.63701114
-76.34230384  37.62318487
-76.35097367  37.62900646
-76.36212058  37.62755106
-76.37388677  37.63191725
-76.37946023  37.63846654
-76.39122642  37.63773884
-76.40237333  37.63773884
-76.41166243  37.64356042
-76.41785516  37.64792661
-76.42776353  37.65447590
-76.43581408  37.65884209
-76.44572245  37.65665899
-76.44819955  37.66830216
-76.44758027  37.67921764
-76.44819955  37.69304390
-76.45686937  37.69886549
-76.46244283  37.70177628
-76.47049338  37.70541477
-76.47606684  37.70687017
-76.48597521  37.70541477
-76.49402576  37.69668239
-76.49464503  37.68649462
-76.49774139  37.67557914
-76.49836067  37.66902986
-76.50393413  37.66466367
-76.50579195  37.65738669
-76.51136540  37.65811439
-76.51384250  37.66539137
-76.51755813  37.66975756
-76.52375087  37.67703454
-76.52684723  37.68503922
-76.52994360  37.69668239
-76.53489778  37.70250398
-76.53985197  37.70832556
-76.54418688  37.71633024
-76.54852179  37.72215183
-76.55409525  37.72942881
-76.55781089  37.73525040
-76.43767190  37.59043845
-76.44386463  37.59480464
-76.45067664  37.59844314
-76.45810792  37.59917083
-76.46863556  37.59989853
-76.47792465  37.59917083
-76.48225957  37.60353702
-76.49092939  37.60353702
-76.49650285  37.59771544
-76.50269558  37.59844314
-76.51198468  37.59698774
-76.52127377  37.59698774
-76.52808578  37.59698774
-76.53551705  37.59917083
-76.54418688  37.60208163
-76.54914106  37.60499242
-76.55471452  37.61008631
-76.56028798  37.61299710
-76.56338435  37.73961659
-76.56771926  37.74616587
-76.57081562  37.75053206
-76.57329271  37.75635364
-76.58010472  37.75999214
-76.58505890  37.75999214
-76.59125164  37.76508602
-76.59558655  37.76872451
-76.60487564  37.77309070
-76.60982983  37.77891229
-76.61540329  37.78327848
-76.62345384  37.78691697
-76.62840802  37.79201086
-76.63336221  37.79637704
-76.63955494  37.80074323
-76.64512840  37.80365403
-76.65317895  37.80947561
-76.66061022  37.81238641
-76.66680296  37.81602490
-76.67299569  37.82039109
-76.67980769  37.82257418
-76.68723897  37.82548497
-76.69281243  37.83057886
-76.70024370  37.83567275
-76.70767498  37.84076664
-76.71200989  37.84586052
-76.71634481  37.85313750
-76.72501463  37.85750369
-76.72996881  37.86332528
-76.73492300  37.86987456
-76.74111573  37.87642385
-76.74359282  37.88224543
-76.74730846  37.88733932
-76.75226265  37.89097781
-76.75535901  37.89534400
-76.75969392  37.89971019
-76.76526738  37.90553177
-76.77022157  37.91062566
-76.77579502  37.91353645
-76.78384557  37.91571955
-76.78818049  37.92154114
-76.79251540  37.92517963
-76.79932740  37.92736272
-76.80490086  37.93245661
-76.81171287  37.93682280
-76.81728632  37.93900589
-76.82100196  37.94555518
-76.82533687  37.94846597
-76.82843324  37.89097781
-76.82409833  37.88879472
-76.81480923  37.88879472
-76.80985505  37.88661162
-76.80366231  37.88079004
-76.79994668  37.87351305
-76.79932740  37.86550837
-76.79623104  37.86041449
-76.79251540  37.85386520
-76.78632267  37.85240981
-76.78322630  37.84440513
-76.77641430  37.83712814
-76.76898302  37.82985116
-76.76217102  37.82184648
-76.75907465  37.81529720
-76.75288192  37.80729252
-76.74730846  37.80219863
-76.74668919  37.79273855
-76.74483137  37.78327848
-76.73678082  37.78036768
-76.72873027  37.77745689
-76.72006044  37.77090761
-76.71200989  37.77236300
-76.70395934  37.77090761
-76.69776661  37.77017991
-76.69962443  37.76071983
-76.69652807  37.75489825
-76.68971606  37.74980436
-76.68228478  37.74543817
-76.67485351  37.74179968
-76.66866078  37.73816119
-76.65937168  37.73525040
-76.65132113  37.73161191
-76.64141276  37.73306730
-76.63398148  37.73233960
-76.62716948  37.73306730
-76.62345384  37.72724572
-76.62345384  37.71778564
-76.61973820  37.70978096
-76.60921056  37.71196405
-76.60673346  37.70250398
-76.60301782  37.69158850
-76.60177928  37.68140073
-76.60301782  37.66975756
-76.60177928  37.66029748
-76.59682509  37.65665899
-76.59249018  37.65156510
-76.58877454  37.64501582
-76.58815527  37.63555574
-76.58382036  37.62755106
-76.57700835  37.62172948
-76.57143490  37.61663559
-76.56586144  37.61226940
-76.83152960  37.94919367
-76.83648379  37.95355986
-76.84081870  37.95865374
-76.84391507  37.96229223
-76.84701143  37.97029691
-76.85134634  37.97393541
-76.85753908  37.97757390
-76.86249326  37.97975699
-76.86868599  37.98412318
-76.87549800  37.98557858
-76.88169073  37.98630627
-76.88292927  37.99067246
-76.88726419  37.99867714
-76.88912200  38.00377103
-76.89221837  38.01104801
-76.89469546  38.01686960
-76.90026892  38.02341888
-76.90088819  38.03360666
-76.90893874  38.03797285
-76.91698929  38.04161134
-76.92875548  38.03942824
-76.92627839  38.03287896
-76.93061330  38.02123579
-76.92937476  38.00959262
-76.92689766  37.99794945
-76.92813621  37.98921707
-76.93061330  37.97902929
-76.92937476  37.96738612
-76.92256275  37.95938144
-76.91265438  37.95501525
-76.90831947  37.95283216
-76.90584238  37.94555518
-76.89841110  37.94409978
-76.88912200  37.94118899
-76.88231000  37.93900589
-76.87611727  37.93391200
-76.86868599  37.92590732
-76.86497035  37.92008574
-76.85877762  37.91280876
-76.85444271  37.90771487
-76.84886925  37.90043789
-76.84143797  37.89534400
-76.83462597  37.89170551
-76.43486819  37.58101003
-76.42952653  37.57355848
-76.41884322  37.57132301
-76.40949532  37.56908754
-76.39881200  37.56908754
-76.38746098  37.56685208
-76.37944849  37.56387146
-76.37143600  37.56312630
-76.36208810  37.56387146
-76.35474332  37.56238114
-76.34673084  37.56238114
-76.33938606  37.56312630
-76.33070586  37.56312630
-76.32069025  37.56312630
-76.31334547  37.56312630
-76.30800382  37.55194897
-76.31334547  37.54077164
-76.32135796  37.54524257
-76.31735172  37.55120381
-76.33070586  37.54673288
-76.34005376  37.54524257
-76.34940166  37.54524257
-76.35874957  37.54449742
-76.36542664  37.54002648
-76.37477454  37.54002648
-76.38278703  37.54002648
-76.39146722  37.54077164
-76.39947971  37.54077164
-76.40922661  37.54008336
-76.41725450  37.53945025
-76.42528239  37.53628469
-76.42260642  37.53248602
-76.43420226  37.53058668
-76.44758208  37.52995357
-76.45828593  37.53058668
-76.46898978  37.53375224
-76.47612568  37.53691780
-76.47969363  37.54134958
-76.48861351  37.54388203
-76.49753338  37.54768070
-76.50734525  37.55274560
-76.51715711  37.55401182
-76.52875295  37.55527804
-76.53232090  37.54958004
-76.53321289  37.54134958
-76.53232090  37.53438535
-76.52696897  37.52932046
-76.51537313  37.52552179
-76.50645326  37.52045689
-76.49664139  37.51475888
-76.48772152  37.51159332
-76.47969363  37.50779465
-76.47166574  37.50589532
-76.46185388  37.50272976
-76.45115003  37.49893109
-76.43777021  37.49829798
-76.42528239  37.49703175
-76.41190257  37.49766486
-76.40030673  37.49766486
-76.38960288  37.49829798
-76.38425096  37.50526221
-76.38246698  37.51096021
-76.37622307  37.50716154
-76.37265512  37.49893109
-76.36195126  37.49449931
-76.35303139  37.49070063
-76.34321952  37.48436952
-76.33162369  37.48310329
-76.32091983  37.48310329
-76.31199996  37.48373640
-76.30129611  37.48373640
-76.29326822  37.48310329
-76.28434834  37.48753507
-76.28078039  37.49196686
-76.28345636  37.48310329
-76.28345636  37.47677217
-76.28256437  37.46854172
-76.28078039  37.46031127
-76.28078039  37.45461326
-76.27988840  37.44764903
-76.27275250  37.43941857
-76.26472462  37.43688613
-76.26383263  37.42802256
-76.25669673  37.42232455
-76.25491275  37.41536032
-76.26115666  37.41092854
-76.26918455  37.40839609
-76.27364449  37.40333120
-76.27542847  37.39446763
-76.27453648  37.38433784
-76.27364449  37.37610739
-76.27364449  37.36597760
-76.27186052  37.35521470
-76.27364449  37.34571802
-76.27453648  37.33685445
-76.27632045  37.33115645
-76.28613232  37.32609155
-76.28791629  37.33432201
-76.29148424  37.34381869
-76.29862014  37.35204914
-76.30575605  37.35711403
-76.31556791  37.36281204
-76.32627176  37.36661071
-76.33519164  37.37104249
-76.34500350  37.37167561
-76.34767946  37.37863984
-76.35303139  37.38243851
-76.37087114  37.38750340
-76.36105928  37.38497096
-76.37265512  37.39573386
-76.37622307  37.40396431
-76.38335897  37.41092854
-76.39584679  37.41536032
-76.40833462  37.41536032
-76.42349841  37.41472721
-76.42439040  37.40712987
-76.42795835  37.40079875
-76.42974232  37.39446763
-76.43241829  37.38750340
-76.43955419  37.39573386
-76.44579810  37.40016564
-76.45471798  37.40269809
-76.46363785  37.39889942
-76.47166574  37.39130207
-76.47523369  37.38370473
-76.47612568  37.37484117
-76.47969363  37.36914316
-76.47969363  37.36154582
-76.47612568  37.35584781
-76.46720580  37.35331536
-76.45739394  37.34951669
-76.44936605  37.35014980
-76.44223015  37.34888358
-76.43241829  37.34888358
-76.42439040  37.34698424
-76.42528239  37.34191935
-76.42617437  37.33558823
-76.43241829  37.33178956
-76.44312214  37.33242267
-76.45293400  37.33242267
-76.70715047  37.45144770
-76.70269053  37.44511658
-76.69644662  37.44005169
-76.69020271  37.43498679
-76.68574277  37.42928878
-76.67949885  37.42422389
-76.67325494  37.41852588
-76.66790302  37.41472721
-76.65809115  37.40966232
-76.64917128  37.40396431
-76.64203537  37.39700008
-76.63668345  37.39066896
-76.63222351  37.38307162
-76.62419562  37.37420805
-76.61616773  37.36597760
-76.60903183  37.35964648
-76.60278792  37.35141603
-76.59565202  37.34381869
-76.58851612  37.33685445
-76.58048823  37.33052334
-76.79078630  37.52814536
-76.78071227  37.52714157
-76.77458026  37.52413017
-76.76801024  37.51743819
-76.76888624  37.51141540
-76.76100222  37.50740022
-76.75268020  37.50338503
-76.74830019  37.49870064
-76.73997817  37.49301245
-76.73559816  37.48665507
-76.72990415  37.48096688
-76.72377213  37.47527870
-76.71895412  37.46959051
-76.71588811  37.46356773
-76.71150810  37.45787954
-76.80042232  37.52714157
-76.80611634  37.52446477
-76.81224835  37.52011498
-76.81181035  37.51409220
-76.81137235  37.50539262
-76.81093435  37.50037363
-76.80480233  37.49468545
-76.79998432  37.48866266
-76.79691831  37.48364368
-76.79078630  37.47795549
-76.78465428  37.47427490
-76.78158827  37.47025971
-76.77808427  37.46691372
-76.77063825  37.46959051
-76.76450623  37.46691372
-76.76144022  37.46156013
-76.76187823  37.45620654
-76.76275423  37.45085296
-76.75749822  37.44784157
-76.75311820  37.44315718
-76.75311820  37.43847279
-76.74961420  37.43278460
-76.74523418  37.42943861
-76.74216818  37.42508882
-76.73866417  37.42107363
-76.73559816  37.41705844
-76.73121815  37.41304325
-76.72508613  37.41036646
-76.72202013  37.40635127
-76.71545011  37.40467827
-76.71238410  37.40267068
-76.70888009  37.39798629
-76.70406208  37.39430570
-76.69880607  37.38962131
-76.69136005  37.38828292
-76.68698004  37.38426773
-76.68829404  37.37891414
-76.68303803  37.37389515
-76.67997202  37.36954536
-76.67603001  37.36586477
-76.57542258  37.32358245
-76.56958219  37.31713089
-76.56432583  37.31121696
-76.55731735  37.30637828
-76.55206100  37.29992672
-76.54271636  37.29616331
-76.53804404  37.29078701
-76.53103557  37.28487308
-76.52344305  37.28218493
-76.51643458  37.27949678
-76.51234630  37.27465811
-76.50592186  37.26981944
-76.50183359  37.26498076
-76.49540915  37.25960446
-76.49073683  37.25476579
-76.48431240  37.25960446
-76.47730392  37.26229261
-76.47087948  37.26229261
-76.46328697  37.26121735
-76.45569445  37.26551839
-76.45043809  37.26605602
-76.44226154  37.26551839
-76.43525306  37.26605602
-76.42707651  37.26605602
-76.42532439  37.26981944
-76.41656379  37.27196996
-76.40721916  37.27196996
-76.40079472  37.27250759
-76.39437029  37.27627100
-76.38794585  37.27895915
-76.39086605  37.28541071
-76.39670645  37.29024938
-76.40313088  37.29239990
-76.41305956  37.29455042
-76.42474035  37.29347516
-76.43291691  37.29831383
-76.44109346  37.29831383
-76.45043809  37.29831383
-76.45744657  37.30153961
-76.45803061  37.30852881
-76.45803061  37.31551800
-76.45744657  37.32143193
-76.45744657  37.32680823
-76.44401366  37.34078661
-76.41247552  37.28003441
-76.45861465  37.28326019
-76.50300166  37.31014170
-76.52636325  37.35422737
-76.67062105  37.36121656
-76.66653277  37.35637789
-76.66419661  37.35046396
-76.65835621  37.34562528
-76.65485198  37.34132424
-76.64725946  37.33487268
-76.64550734  37.32680823
-76.64083502  37.31981904
-76.63382655  37.31390511
-76.62564999  37.30852881
-76.61864152  37.30153961
-76.61338516  37.29293753
-76.60812880  37.28648597
-76.60287245  37.28164730
-76.59411185  37.27788389
-76.58768742  37.27465811
-76.58126298  37.26874418
-76.57600662  37.26605602
-76.57016623  37.26175498
-76.56315775  37.25852920
-76.55673331  37.25530342
-76.54972484  37.25046475
-76.54271636  37.24508845
-76.53395577  37.24078741
-76.52869941  37.23756163
-76.52285901  37.23433585
-76.51526650  37.22788429
-76.50767398  37.22465850
-76.49832935  37.22035746
-76.48898471  37.21766931
-76.48139220  37.21498116
-76.47263160  37.21283064
-76.46445505  37.21068012
-76.45394233  37.20852960
-76.44576578  37.20799197
-76.43817326  37.20691671
-76.43350094  37.20422856
-76.42474035  37.20315330
-76.41889995  37.20315330
-76.41831591  37.19562648
-76.41889995  37.18863729
-76.41831591  37.18111046
-76.41831591  37.17412127
-76.41889995  37.16551919
-76.41831591  37.15853000
-76.69398263  37.21605642
-76.68405396  37.21551879
-76.67412528  37.21390590
-76.66536469  37.21390590
-76.65602006  37.21175538
-76.64725946  37.20906723
-76.64025098  37.20584145
-76.63207443  37.20207804
-76.62448191  37.19347596
-76.61864152  37.18648677
-76.61513728  37.17842231
-76.61104900  37.17143312
-76.60988092  37.16390630
-76.61104900  37.15637948
-76.45277425  37.18433624
-76.53161961  37.18057283
-76.60696072  37.23272296
-76.67879760  37.28594834
-76.56958219  37.43756004
-76.41831591  37.15046555
-76.41539572  37.14132583
-76.40605108  37.13594953
-76.39729049  37.13810005
-76.38560969  37.13594953
-76.37860122  37.13756242
-76.36633638  37.13648716
-76.35699175  37.13648716
-76.34589500  37.13433664
-76.33830248  37.13218612
-76.34122268  37.12465930
-76.34239076  37.11713248
-76.35056731  37.11605722
-76.35699175  37.11229381
-76.35757579  37.10422935
-76.34998327  37.09508964
-76.35523963  37.08594993
-76.36049599  37.09347675
-76.35582367  37.07627259
-76.34764711  37.07734785
-76.33655036  37.07681022
-76.32662169  37.07734785
-76.31552493  37.08164889
-76.30793242  37.08218652
-76.29683566  37.08218652
-76.28807507  37.08272415
-76.27931447  37.08111126
-76.27931447  37.07358444
-76.27931447  37.06659525
-76.28807507  37.06336946
-76.29157931  37.05638027
-76.29274739  37.04777819
-76.29274739  37.04025137
-76.29975586  37.03487507
-76.30501222  37.02949877
-76.31435685  37.02304720
-76.32428553  37.02089668
-76.33830248  37.01928379
-76.29917182  37.02573536
-76.34647904  37.01444512
-76.35932791  37.01175697
-76.36867254  37.00906882
-76.37918526  37.00691830
-76.39145009  37.00315489
-76.39261817  36.99240229
-76.41481168  36.97949916
-76.40721916  36.98541310
-76.42240419  36.98272494
-76.42123611  36.98917651
-76.42123611  36.99831622
-76.43058075  37.00154200
-76.43291691  37.00853119
-76.43992538  37.01336986
-76.44576578  37.01982142
-76.45452637  37.02412246
-76.46095081  37.03111166
-76.46620717  37.03702559
-76.47379968  37.04025137
-76.48022412  37.04616530
-76.48664855  37.04831582
-76.49248895  37.05476738
-76.50066551  37.05960605
-76.51001014  37.06229420
-76.51701862  37.06659525
-76.52461113  37.07250918
-76.53045153  37.07788548
-76.53570789  37.08218652
-76.54563656  37.08702519
-76.54972484  37.09078860
-76.55906947  37.09616490
-76.60929688  37.14777740
-76.60462457  37.14025057
-76.60462457  37.13379901
-76.60112033  37.12788508
-76.59644801  37.12197115
-76.59411185  37.11605722
-76.58768742  37.11068092
-76.58067894  37.10960566
-76.57425450  37.10369172
-76.56724603  37.09939068
-76.43466902  37.08594993
-76.70087764  37.21508590
-76.70999821  37.21374183
-76.71815871  37.21418985
-76.72583919  37.21329380
-76.73495975  37.21374183
-76.74360029  37.21329380
-76.74648047  37.20746947
-76.74696049  37.20119712
-76.75176079  37.19940502
-76.75896124  37.20164515
-76.75992130  37.20746947
-76.76616168  37.21150170
-76.76808180  37.21687800
-76.77624231  37.22180628
-76.78248270  37.22449443
-76.79064320  37.22673455
-76.79736362  37.23031875
-76.80312397  37.23435098
-76.81128448  37.23569506
-76.81464469  37.23883123
-76.82376525  37.23972728
-76.83096570  37.23972728
-76.83864617  37.23972728
-76.84488656  37.24062333
-76.84968686  37.24375951
-76.85352710  37.24599963
-76.86072754  37.24599963
-76.86648790  37.24599963
-76.87416837  37.24644766
-76.88088879  37.24599963
-76.88904930  37.24599963
-76.89528968  37.24644766
-76.90008998  37.24913581
-76.90633037  37.25003186
-76.86744796  37.19447675
-76.86264766  37.19492477
-76.85592724  37.19447675
-76.84920683  37.19358070
-76.84248641  37.19537280
-76.83432591  37.19402872
-76.82664543  37.19358070
-76.82136510  37.19358070
-76.81512472  37.18999649
-76.81080445  37.18641229
-76.80312397  37.18372414
-76.80264394  37.17789982
-76.80216391  37.17117944
-76.80120385  37.16580314
-76.79496347  37.16266696
-76.78776302  37.16221894
-76.78152264  37.15908276
-76.77480222  37.15594659
-76.76808180  37.15191436
-76.76232145  37.14922621
-76.75416094  37.14877818
-76.74552041  37.14833016
-76.73639984  37.14788213
-76.72727928  37.14788213
-76.71911877  37.14833016
-76.71095826  37.14877818
-76.70375782  37.14788213
-76.69655737  37.14922621
-76.69463725  37.15684264
-76.68983696  37.15953079
-76.68167645  37.16042684
-76.67927630  37.16714721
-76.67687615  37.17117944
-76.67687615  37.15953079
-76.67687615  37.15057028
-76.67639612  37.14340188
-76.67639612  37.13757756
-76.67831624  37.12951310
-76.67495603  37.12368878
-76.67207586  37.11920853
-76.67159583  37.11338420
-76.87224826  37.19044452
-76.87848864  37.18820439
-76.88376897  37.18865242
-76.89000936  37.18865242
-76.89576971  37.18910044
-76.90105004  37.18999649
-76.90585034  37.19268465
-76.91209072  37.24868778
-76.91737105  37.24868778
-76.92217135  37.24555161
-76.92601159  37.24734371
-76.93177194  37.25003186
-76.93753230  37.25003186
-76.94185257  37.25272001
-76.94617284  37.25720026
-76.95001307  37.26168051
-76.95337328  37.26436866
-76.95529340  37.26795286
-76.95577343  37.27198509
-76.96249385  37.27422522
-76.96633408  37.27915349
-76.97017432  37.28273769
-76.97545465  37.28766597
-76.98169504  37.29304227
-76.98601530  37.29662647
-76.99225569  37.30021067
-76.99849608  37.30379487
-77.00569652  37.30648302
-77.01241694  37.30782710
-77.02009741  37.30827512
-77.02489771  37.30648302
-77.03161813  37.30245080
-77.04025866  37.29931462
-77.04505896  37.29617845
-77.04985926  37.29214622
-77.05465956  37.28990609
-77.06330009  37.28945807
-77.05945985  37.29573042
-77.05849979  37.30155475
-77.06234003  37.30693105
-77.06714033  37.30961920
-77.07386074  37.31454748
-77.08106119  37.31768365
-77.08826164  37.31813168
-77.09786223  37.31902773
-77.10458265  37.31857970
-77.11274315  37.31947575
-77.12282378  37.31992378
-77.12810410  37.31857970
-77.13098428  37.28497782
-77.12618399  37.28497782
-77.11946357  37.28408177
-77.11226312  37.28408177
-77.10314256  37.28452979
-77.09690217  37.28408177
-77.09594211  37.27780942
-77.09546208  37.27019299
-77.09498205  37.26481669
-77.08922170  37.26123249
-77.08202125  37.25854434
-77.07386074  37.25496014
-77.06522021  37.25540816
-77.05513958  37.25406409
-77.04457893  37.25540816
-77.03977863  37.25944039
-77.03257819  37.26347261
-77.02633780  37.26929694
-77.02345762  37.27332917
-77.01577715  37.27870547
-77.01193691  37.27601732
-77.00761664  37.27243312
-77.00473646  37.26795286
-77.00233631  37.26123249
-77.00137625  37.25630421
-76.99657596  37.25182396
-76.99705599  37.24465556
-76.99657596  37.23883123
-76.99705599  37.23121480
-76.99177566  37.22539048
-76.98601530  37.22404640
-76.97641471  37.22359838
-76.96921426  37.22359838
-76.96297388  37.22315035
-76.95577343  37.22046220
-76.94953304  37.21598195
-76.94233260  37.21418985
-76.93657224  37.20881355
-76.93705227  37.20254120
-76.93705227  37.19537280
-76.92841173  37.19447675
-76.91977120  37.19268465
-76.91353081  37.19268465
-77.13530455  37.31589155
-77.14154494  37.31454748
-77.14730529  37.31365143
-77.15402571  37.31365143
-77.16170619  37.31409945
-77.16794657  37.31320340
-77.17226684  37.31768365
-77.17754717  37.31947575
-77.18426758  37.31902773
-77.19050797  37.31947575
-77.19818845  37.31857970
-77.20154865  37.32395600
-77.20970916  37.32395600
-77.21594955  37.32440403
-77.22411005  37.32350798
-77.23179053  37.32350798
-77.23947100  37.32395600
-77.25003166  37.32395600
-77.25675207  37.32440403
-77.26107234  37.32933230
-77.26923285  37.32933230
-77.27499320  37.32933230
-77.28219365  37.32933230
-77.29179424  37.32933230
-77.29707457  37.32440403
-77.29563448  37.31544353
-77.29707457  37.30872315
-77.30139484  37.30065870
-77.29851466  37.29438635
-77.28939410  37.29438635
-77.27835341  37.29528240
-77.27403314  37.28901004
-77.26587264  37.28945807
-77.25675207  37.28945807
-77.24667145  37.28901004
-77.23755088  37.28901004
-77.23275059  37.28945807
-77.22843032  37.28497782
-77.21978978  37.28497782
-77.21450946  37.27915349
-77.20442883  37.27960152
-77.19674836  37.27870547
-77.18906788  37.27915349
-77.18090738  37.27915349
-77.17418696  37.27870547
-77.16506639  37.27870547
-77.15450574  37.27825744
-77.14202497  37.27870547
-77.13530455  37.28094559
-76.67159583  37.10711185
-76.67111580  37.09994345
-76.67159583  37.09322307
-76.66823562  37.08829479
-76.66679553  37.08023034
-76.66631550  37.07306194
-76.66487541  37.06454946
-76.66295529  37.05872514
-76.66055514  37.05200476
-76.65959508  37.04438833
-76.65671490  37.03721993
-76.64855440  37.03363573
-76.63943383  37.02825943
-76.62983324  37.02915548
-76.62119270  37.02781140
-76.61351223  37.02333115
-76.60727184  37.02422720
-76.60439166  37.01840288
-76.59911134  37.01347460
-76.59287095  37.01437065
-76.58663056  37.00854632
-76.58711059  37.00092990
-76.58615053  36.99465755
-76.57847006  36.98793717
-76.57270970  36.98838519
-76.56982952  36.97852864
-76.55830881  36.97808062
-76.54582804  36.97136024
-76.53718750  36.96508789
-76.52854697  36.95971159
-76.51846634  36.95836751
-76.51270598  36.95209516
-76.50166530  36.94895898
-76.50070524  36.94134256
-76.50502551  36.93731033
-76.50598557  36.93238206
-76.50694563  36.92610970
-76.50711767  36.92073104
-76.50516116  36.91597077
-76.49831337  36.91457070
-76.49244384  36.90981043
-76.49635686  36.90645024
-76.49782425  36.90084993
-76.50124814  36.89608966
-76.50271552  36.89132939
-76.50026988  36.88628911
-76.49342210  36.88376897
-76.48804169  36.87956873
-76.48217216  36.87620855
-76.47385699  36.87508848
-76.46603094  36.87564851
-76.46016141  36.87592853
-76.45086798  36.87564851
-76.44255281  36.87564851
-76.44206368  36.88320894
-76.43521589  36.88516905
-76.42690072  36.88544906
-76.41907468  36.88628911
-76.41418340  36.88936928
-76.40635736  36.88964930
-76.39902044  36.88936928
-76.38923788  36.88880925
-76.38092271  36.88936928
-76.37554231  36.88936928
-76.37309667  36.89692971
-76.37309667  36.90421011
-76.37162928  36.90897038
-76.36527062  36.91569076
-76.35940109  36.91737085
-76.36037935  36.91009044
-76.36135760  36.90281004
-76.35940109  36.89804977
-76.36037935  36.89160941
-76.36135760  36.88432900
-76.35793371  36.87760862
-76.35597720  36.87200831
-76.35597720  36.86640800
-76.35548807  36.86052767
-76.34374900  36.85912759
-76.33249906  36.85856756
-76.32222738  36.85968762
-76.31244483  36.86080768
-76.30412965  36.86556795
-76.30412965  36.87312837
-76.30217314  36.88068880
-76.30364053  36.88740917
-76.30657529  36.89048935
-76.30755355  36.89776975
-76.31195570  36.90393010
-76.31097744  36.91093049
-76.31097744  36.91849091
-76.31048832  36.92409123
-76.31048832  36.93333175
-76.29972750  36.93669194
-76.29434710  36.94089217
-76.28554280  36.94201223
-76.27673850  36.94201223
-76.26451031  36.94173222
-76.25423862  36.94061215
-76.24347781  36.93865204
-76.23516264  36.93585189
-76.23027136  36.93221168
-76.22831485  36.92605134
-76.21999968  36.92129107
-76.20874974  36.91849091
-76.19701068  36.91793088
-76.18478248  36.91765087
-76.18038033  36.92241113
-76.17157603  36.91765087
-76.16179348  36.91821090
-76.15103267  36.91793088
-76.14565226  36.91261059
-76.13929360  36.90925040
-76.12657628  36.90953041
-76.12070675  36.90953041
-76.12364151  36.90477015
-76.11875024  36.90000988
-76.10652204  36.89916983
-76.09625036  36.89944985
-76.08206565  36.89916983
-76.07228310  36.90253002
-76.06445705  36.90869037
-76.05712014  36.91457070
-76.05320712  36.91905095
-76.04684846  36.91905095
-76.03755503  36.91905095
-76.02923986  36.91905095
-76.02043556  36.92213112
-76.01407690  36.91597077
-76.00820736  36.91121051
-75.99989219  36.90757030
-75.99646830  36.90168997
-75.99451179  36.89580964
-76.00184870  36.89132939
-76.00184870  36.88516905
-76.00282696  36.87956873
-75.99451179  36.87508848
-75.99255528  36.86976818
-75.99549004  36.86612798
-75.99695742  36.86108770
-75.99695742  36.85520737
-75.99597917  36.84848699
-75.99010964  36.84372672
-75.99010964  36.83784639
-75.99157702  36.83140603
-75.98815313  36.82496567
-75.97739231  36.82440564
-75.97739231  36.81740525
-75.97837057  36.81152492
-75.97347929  36.80592461
-75.97396842  36.80088432
-75.97494668  36.79528401
-75.74872102  39.54399915
-75.73791007  39.54323540
-75.72658431  39.54323540
-75.71319932  39.54323540
-75.69775510  39.54298082
-75.68488491  39.54323540
-75.67510357  39.54679957
-75.66532224  39.54959999
-75.65090763  39.55494625
-75.66068897  39.55418250
-75.63494860  39.55825584
-75.62053400  39.55520083
-75.60714901  39.55952875
-75.59221959  39.55876500
-75.57626057  39.55927417
-75.55875712  39.55723750
-75.55463866  39.55061833
-75.55669789  39.54501749
-75.56956807  39.54476290
-75.58192345  39.53967123
-75.59685286  39.53967123
-75.61126746  39.53941664
-75.62928572  39.53941664
-75.63958187  39.53356122
-75.65090763  39.52923330
-75.67149992  39.53025163
-75.68745895  39.52974246
-75.69981433  39.53025163
-75.70908086  39.52566913
-75.72452508  39.52490537
-75.74151372  39.52541454
-75.75798756  39.52465079
-75.76931332  39.52439621
-75.78063908  39.51930453
-75.79402407  39.51930453
-75.80740906  39.51930453
-75.80637945  39.53407039
-75.79402407  39.53432497
-75.78887600  39.53916206
-75.77703543  39.54018040
-75.76365044  39.53992581
-75.76056159  39.54450832
-75.81770521  39.53356122
-75.83263462  39.53356122
-75.84704923  39.53407039
-75.83984192  39.53967123
-75.83417904  39.54476290
-75.82645693  39.55036374
-75.82594213  39.55749209
-75.82697174  39.56258376
-75.83160501  39.56818460
-75.83881231  39.57123960
-75.84807884  39.57531294
-75.86352306  39.57353086
-75.86455268  39.56691168
-75.87278959  39.55978334
-75.87793767  39.55316416
-75.88308574  39.54730874
-75.88926343  39.54399915
-75.89338189  39.53967123
-75.90213361  39.53585247
-75.90367803  39.53152455
-75.90470765  39.52745121
-75.90779649  39.52337787
-75.91603341  39.52490537
-75.93044802  39.52414162
-75.93817013  39.51930453
-75.93919974  39.51472203
-75.94022936  39.51039410
-75.94383301  39.50555701
-75.95309954  39.50173826
-75.95773281  39.49690117
-75.96082165  39.49180950
-75.96699934  39.48671782
-75.97935471  39.47882573
-75.97111780  39.48977283
-75.96596972  39.49868326
-75.96699934  39.50581160
-75.96339569  39.51166702
-75.95824761  39.51701328
-75.94692185  39.52286870
-75.94125897  39.52846955
-75.94022936  39.53432497
-75.94692185  39.53992581
-75.94486262  39.54679957
-75.95001070  39.55061833
-75.94692185  39.55723750
-75.94074416  39.56283834
-75.93405167  39.56869377
-75.92993321  39.57378544
-75.93302205  39.57989545
-75.94125897  39.58524171
-75.94898108  39.58829671
-75.95979203  39.58982421
-75.97060299  39.58778754
-75.97781029  39.58244129
-75.98295837  39.57734961
-75.98862125  39.57149419
-75.99479893  39.56742085
-76.00252104  39.56182001
-75.81976444  39.51955912
-75.83006058  39.51904995
-75.83572347  39.51574036
-75.84756403  39.51523119
-75.85734537  39.51395828
-75.85888980  39.50886660
-75.86403787  39.50530243
-75.86609710  39.49970159
-75.87639325  39.49460992
-75.89698554  39.49435533
-75.89647073  39.49028199
-75.88514497  39.48620865
-75.87330440  39.48009865
-75.86403787  39.47500697
-75.85631576  39.46660571
-75.84756403  39.45998654
-75.84190115  39.45285819
-75.85631576  39.45133069
-75.87845247  39.45107611
-75.89132266  39.45794987
-75.89338189  39.46253237
-75.90779649  39.45922278
-75.92221110  39.45973195
-75.93302205  39.46202321
-75.93508128  39.45693153
-75.94074416  39.45260361
-75.94537743  39.44802110
-76.01024315  39.55698292
-76.01590603  39.55316416
-76.02311334  39.55698292
-76.03135026  39.56054709
-76.04113159  39.56156542
-76.05606101  39.56054709
-76.05914985  39.56767543
-76.06687196  39.57276711
-76.07562369  39.57785878
-76.08180137  39.58422337
-76.08797906  39.59007880
-76.09467156  39.59567964
-76.10239367  39.60255340
-76.10702693  39.60789965
-76.11783789  39.61299133
-76.13328211  39.61451883
-76.14460787  39.61070007
-76.14924114  39.60306256
-76.14975594  39.59287922
-76.14357826  39.58549629
-76.13585615  39.57811336
-76.13225249  39.57098502
-76.12453038  39.56385668
-76.11886750  39.55571000
-76.11166020  39.54959999
-76.10754174  39.54196248
-76.09827521  39.53687081
-76.11063059  39.53076080
-76.11629347  39.52465079
-76.11835270  39.51777703
-76.12350077  39.50963035
-76.13122288  39.50352035
-76.13791537  39.49435533
-76.13843018  39.48849991
-76.13585615  39.48340823
-76.13328211  39.47831656
-76.12350077  39.47322489
-76.11680827  39.46533279
-76.10290848  39.46380529
-76.08746426  39.46456904
-76.07871253  39.46024112
-76.07407926  39.45438569
-76.08746426  39.45133069
-76.09827521  39.44853027
-76.11577866  39.44420235
-76.10805655  39.44700277
-76.12710442  39.43834692
-76.13688576  39.43121858
-76.14563749  39.42409024
-76.15593363  39.41696189
-76.16622978  39.41008813
-76.17704073  39.40576021
-76.18888130  39.40041395
-75.95464396  39.44343860
-75.95927723  39.43681942
-75.96802895  39.42918191
-75.97472145  39.42205357
-75.98450279  39.41416147
-75.99171009  39.40576021
-76.00200624  39.39965020
-76.01127277  39.39583145
-75.43626431  39.56719974
-75.57533819  39.66906686
-75.46545265  39.42360392
-76.01183411  39.38990943
-75.99098441  39.38865865
-75.97385788  39.38390569
-75.95598671  39.38390569
-75.93588164  39.38215459
-75.92247827  39.37915272
-75.90684099  39.37715147
-75.89641614  39.37414960
-75.88226813  39.37389944
-75.86290770  39.37189819
-75.85322748  39.36564429
-75.85471675  39.35788945
-75.87109865  39.35413711
-75.89120372  39.35463742
-75.91205342  39.35513773
-75.93662627  39.35563804
-75.95226355  39.35914023
-75.96268840  39.35538789
-75.97758104  39.35538789
-75.99619684  39.35939038
-76.00885558  39.35488757
-76.02821602  39.35538789
-76.03938550  39.36014085
-76.06023519  39.36114148
-76.06991541  39.36489382
-76.08331879  39.35863992
-76.09523290  39.35263617
-76.11012554  39.34638227
-76.11459333  39.33987821
-76.11310407  39.33462493
-76.11012554  39.32762055
-76.11906113  39.32361806
-76.14363398  39.32461868
-76.04683182  39.34212961
-76.51917790  38.87649370
-76.51652579  38.88020349
-76.51690466  38.88317133
-76.52183000  38.88873601
-76.52145113  38.89801049
-76.52220887  38.90357518
-76.53243841  38.90357518
-76.54039472  38.90320420
-76.54191020  38.91433358
-76.54304682  38.92546296
-76.53812149  38.93696331
-76.53243841  38.94660877
-76.52220887  38.94549583
-76.51008497  38.94252800
-76.50478077  38.94141506
-76.49682446  38.94623779
-76.49076251  38.95439934
-76.48318507  38.95514129
-76.48924702  38.96441578
-76.49379348  38.97146438
-76.50402302  38.97740005
-76.50932723  38.98148082
-76.51501031  38.98481963
-76.52334549  38.98964236
-76.53016518  38.99261020
-76.53357502  39.00188468
-76.53887923  39.00819132
-76.55024538  39.00782034
-76.56161154  39.01041720
-76.56881010  39.01932070
-76.56805236  39.03045008
-76.56843123  39.04232141
-76.56350590  39.04862806
-76.55062426  39.04714414
-76.53850036  39.04566023
-76.52864969  39.04083750
-76.51842015  39.03675672
-76.50667513  39.03267595
-76.49606672  39.02896616
-76.48659492  39.02414343
-76.48280620  39.01561091
-76.48053297  39.00856230
-76.47030343  39.00633643
-76.46272600  39.00225566
-76.45439082  38.99780391
-76.44757112  39.00225566
-76.44075143  39.00485251
-76.43393174  39.00633643
-76.42711205  39.00559447
-76.41764025  39.00633643
-76.40968394  39.00893328
-76.40210651  39.01004622
-76.39718117  39.01894972
-76.40248538  39.01783678
-76.41119943  39.02080462
-76.41801912  39.02414343
-76.42521769  39.03007910
-76.43127964  39.03490183
-76.43734159  39.03861162
-76.44454015  39.03898260
-76.45249646  39.03898260
-76.46272600  39.03898260
-76.46916682  39.04380533
-76.47788087  39.04528925
-76.48583718  39.04862806
-76.49568784  39.04862806
-76.50402302  39.04899904
-76.50856949  39.05790254
-76.50781174  39.06754800
-76.50743287  39.07719346
-76.50212866  39.08350011
-76.49455123  39.08683892
-76.48811041  39.08646794
-76.48015410  39.09054871
-76.47030343  39.09054871
-76.46083164  39.09129067
-76.45931615  39.09945221
-76.44984436  39.10056515
-76.44226692  39.10501690
-76.44719225  39.10983963
-76.45931615  39.10909767
-76.47144005  39.11058159
-76.47636538  39.12096901
-76.47598651  39.13098545
-76.47598651  39.13803405
-76.48697379  39.13840503
-76.49682446  39.13803405
-76.50629625  39.13877601
-76.51501031  39.13877601
-76.52069338  39.14322776
-76.52827082  39.14508266
-76.53736374  39.15027637
-76.54304682  39.16103476
-76.54001584  39.17105120
-76.53357502  39.17772883
-76.54266795  39.18440646
-76.54494118  39.19293898
-76.54910877  39.20295542
-76.55138200  39.21111696
-76.55365523  39.21779459
-76.56274815  39.21668165
-76.57070446  39.21779459
-76.57525092  39.22669809
-76.58207062  39.22669809
-76.58964805  39.22781102
-76.59305790  39.23634355
-76.60101421  39.23782746
-76.61048600  39.23782746
-76.61124374  39.24784390
-76.61275923  39.25786034
-76.61238036  39.26824776
-76.60745503  39.27232853
-76.59608887  39.27121559
-76.58510159  39.26713482
-76.57562979  39.26490895
-76.56729461  39.25971524
-76.55933831  39.25600545
-76.55100313  39.25081174
-76.54039472  39.24673096
-76.53130179  39.24190823
-76.52410323  39.23782746
-76.51463143  39.23374669
-76.50667513  39.22966592
-76.49720333  39.22558515
-76.48659492  39.22558515
-76.47712313  39.22224634
-76.46878795  39.21890752
-76.46765133  39.21148794
-76.45969502  39.21148794
-76.45022323  39.21000402
-76.44340353  39.20703619
-76.43203738  39.20703619
-76.42749092  39.21519773
-76.42483882  39.22335927
-76.43241625  39.22669809
-76.44113030  39.22781102
-76.44681338  39.23634355
-76.44946548  39.24673096
-76.44719225  39.25600545
-76.43961482  39.26490895
-76.43014302  39.26602188
-76.42408107  39.26379601
-76.41536702  39.26639286
-76.40816846  39.26973168
-76.40437974  39.27752224
-76.40475861  39.28605476
-76.41082056  39.29236141
-76.41157830  39.30274883
-76.41119943  39.31053939
-76.40400087  39.31647506
-76.39528682  39.31684604
-76.38733051  39.31387820
-76.37899533  39.31091037
-76.37103902  39.31202331
-76.36611369  39.31684604
-76.36346158  39.32537856
-76.35853625  39.33094325
-76.35550528  39.33576598
-76.35588415  39.34355654
-76.35512640  39.35320200
-76.35550528  39.36173452
-76.36080948  39.36247648
-76.37028128  39.36247648
-76.38126856  39.36247648
-76.38960374  39.36321844
-76.39111923  39.37286390
-76.38998261  39.38250936
-76.38354179  39.38844503
-76.37406999  39.39215482
-76.36459820  39.39586461
-76.35474753  39.39957441
-76.34224476  39.39697755
-76.33315184  39.39289678
-76.32443779  39.38770307
-76.31723922  39.38176740
-76.31231389  39.37583173
-76.30435758  39.37286390
-76.29867451  39.36692823
-76.29223368  39.36173452
-76.28541399  39.35691179
-76.28314076  39.34652438
-76.28314076  39.33799185
-76.28730835  39.32908835
-76.27973092  39.32797542
-76.27329009  39.33205619
-76.27139574  39.34207263
-76.26950138  39.35394396
-76.26988025  39.36321844
-76.27632107  39.37175096
-76.28238302  39.38028349
-76.28768722  39.38918699
-76.28920271  39.39883245
-76.28730835  39.40662301
-76.27897317  39.40996182
-76.27215348  39.41589749
-76.26609153  39.42331708
-76.26647040  39.43259156
-76.26684927  39.44483387
-76.26116620  39.45447933
-76.25396763  39.45670521
-76.24449584  39.45967304
-76.23312968  39.45967304
-76.22479450  39.45744716
-76.21645932  39.45188248
-76.21001850  39.44483387
-76.20357768  39.43518841
-76.20471430  39.42554295
-76.20736640  39.41738141
-76.21039737  39.41107476
-76.21304948  39.40402616
-76.21911143  39.39697755
-76.21153399  39.39067090
-76.20850302  39.38065446
-76.20130445  39.38621915
-76.19486363  39.39438070
-76.27669994  39.35468592
-76.30246322  39.39178384
-76.19031717  39.41330064
-76.37823758  39.34058871
-76.42142897  39.27937714
-76.44491902  39.21927850
-76.49985543  39.26824776
-76.44719225  39.33873381
-76.30776743  39.43072478
-76.12780332  39.45326072
-76.17516230  39.47431889
-76.14891204  39.53701438
-76.02603043  39.63161408
-76.13179231  39.32295937
-76.15347731  39.31963439
-76.16032520  39.31261500
-76.15728169  39.29931510
-76.16184695  39.28970962
-76.17097747  39.28269023
-76.17630361  39.27382363
-76.18581457  39.26384871
-76.19760817  39.25645987
-76.20521693  39.24796272
-76.21282570  39.23614058
-76.22043447  39.22579622
-76.22652149  39.21508241
-76.23298894  39.20584637
-76.23869552  39.19291591
-76.07891137  39.19217703
-76.07548742  39.20104363
-76.07054172  39.21138800
-76.06141120  39.21545185
-76.04885673  39.22025459
-76.03820446  39.21803794
-76.02564999  39.20954079
-76.02032385  39.20141307
-76.03097613  39.19771865
-76.04200884  39.19106871
-76.03744358  39.18589652
-76.02793262  39.17887713
-76.02222604  39.16705500
-76.02755218  39.15560231
-76.03630226  39.14562738
-76.04543279  39.14082464
-76.05722638  39.13637289
-76.07777005  39.18014844
-76.06940041  39.17421277
-76.05912857  39.17235788
-76.05037849  39.16939004
-76.06331339  39.16605123
-76.07206348  39.16308340
-76.08347663  39.16048654
-76.09070496  39.15195402
-76.24661868  39.18415291
-76.25022765  39.17478468
-76.25609223  39.16492338
-76.26285904  39.15703434
-76.26376129  39.14963837
-76.25473886  39.14667998
-76.24346083  39.14174934
-76.23669401  39.13336723
-76.22722047  39.12646433
-76.22180701  39.11660303
-76.22270926  39.10772786
-76.21413795  39.11315158
-76.20421329  39.11068625
-76.19473974  39.10427641
-76.18707068  39.11660303
-76.18165723  39.12794352
-76.17579265  39.13829788
-76.16451462  39.13780482
-76.15368771  39.13632562
-76.14331192  39.12745046
-76.14060520  39.11956142
-76.14240968  39.11068625
-76.14827426  39.11068625
-76.13248502  39.12153368
-76.12075586  39.11758916
-76.11398905  39.12942271
-76.12526708  39.12843659
-76.10406438  39.13287417
-76.09233523  39.13731175
-76.05895226  39.12498513
-76.06391459  39.11758916
-76.07113253  39.11117932
-76.07654599  39.11117932
-76.08421505  39.10624867
-76.09278635  39.10082496
-76.09819980  39.09638737
-76.10451550  39.09096366
-76.11263568  39.08504688
-76.11850026  39.08356769
-76.12436483  39.08208849
-76.13113165  39.07469252
-76.13519174  39.06729655
-76.14421417  39.06088671
-76.15188323  39.05349073
-76.15684556  39.04708089
-76.15684556  39.03771266
-76.15819892  39.02785136
-76.15684556  39.01946926
-76.15323659  39.01059410
-76.14827426  39.00073280
-76.14917650  38.99432296
-76.15323659  38.98742005
-76.16135677  38.98150327
-76.16947695  38.97016278
-76.18391283  38.96769746
-76.19654423  38.97164198
-76.20601777  38.97164198
-76.21910029  38.97164198
-76.23173168  38.97114891
-76.24571644  38.97312117
-76.25473886  38.97312117
-76.27323483  38.97312117
-76.22180701  39.03080975
-76.22722047  39.02390685
-76.21864917  39.01700394
-76.20962674  39.01355248
-76.21233347  39.02094846
-76.21729580  39.07321333
-76.21729580  39.08060930
-76.26421241  38.96079455
-76.25338550  38.96079455
-76.24255859  38.96030148
-76.26411417  38.97188438
-76.28242022  38.97125780
-76.28750524  38.97752357
-76.29309875  38.98566906
-76.30072627  38.99256140
-76.30835379  38.98065645
-76.31242181  38.97063123
-76.31293031  38.95809970
-76.32106633  38.95308709
-76.33021936  38.94932763
-76.33530437  38.93867584
-76.33784688  38.92865062
-76.34038938  38.91799882
-76.34445739  38.90170783
-76.34394889  38.88854973
-76.34801690  38.87977766
-76.33835538  38.87601821
-76.33428737  38.89669522
-76.33174486  38.91423936
-76.32360884  38.92802404
-76.31140480  38.92426458
-76.30377728  38.92927719
-76.30123478  38.94306187
-76.29259025  38.94556818
-76.28292872  38.94556818
-76.27479270  38.94556818
-76.27225019  38.95496682
-76.23157008  38.96060601
-76.22190856  38.95434024
-76.22241706  38.94243529
-76.21529804  38.93742268
-76.20665351  38.93491638
-76.19800899  38.93428980
-76.18987297  38.92865062
-76.18427945  38.92050512
-76.18733046  38.90985333
-76.19038147  38.90170783
-76.18936447  38.89168261
-76.18326245  38.88729658
-76.17868594  38.87915109
-76.17919444  38.87037902
-76.18021144  38.86160695
-76.18377095  38.85283488
-76.18427945  38.84468939
-76.18377095  38.83278444
-76.18122844  38.82463895
-76.17970294  38.81586688
-76.17868594  38.80584166
-76.17614343  38.79706959
-76.16953291  38.79080383
-76.15834588  38.79017725
-76.14970136  38.78516464
-76.14105683  38.77889888
-76.13851432  38.76699393
-76.14359934  38.75132952
-76.15631187  38.74318403
-76.16902441  38.74067773
-76.18580496  38.74318403
-76.19648349  38.75007637
-76.20461951  38.76010159
-76.20817902  38.76950024
-76.21377253  38.77451285
-76.22750207  38.77513942
-76.23157008  38.78641780
-76.22495956  38.79894932
-76.22750207  38.80772139
-76.23665510  38.80772139
-76.24784213  38.80834797
-76.25852066  38.80834797
-76.26208017  38.81837319
-76.26309717  38.83215787
-76.27174169  38.82025292
-76.27835221  38.81899976
-76.28191172  38.71812098
-76.27479270  38.71436152
-76.27174169  38.72438674
-76.27174169  38.74005115
-76.26563968  38.75132952
-76.25902916  38.76135474
-76.24580812  38.76511420
-76.23767210  38.76448763
-76.22750207  38.76448763
-76.21580654  38.76260790
-76.19851749  38.74005115
-76.19750049  38.72751962
-76.20767052  38.72250701
-76.21580654  38.71561468
-76.21326403  38.70684261
-76.20512801  38.70370973
-76.19750049  38.70245657
-76.18682196  38.70370973
-76.17766893  38.70621603
-76.16800741  38.70370973
-76.16037989  38.69744396
-76.15631187  38.68867189
-76.15405507  38.67883676
-76.15053875  38.67076092
-76.14631917  38.66201210
-76.13858327  38.65797418
-76.13155064  38.65057133
-76.12451800  38.64787938
-76.11607884  38.64586042
-76.10482662  38.64047653
-76.09709072  38.63441965
-76.08794829  38.63172771
-76.07880587  38.62836278
-76.06966344  38.62768979
-76.05981775  38.62297888
-76.04926879  38.61961395
-76.04293942  38.61423006
-76.03590679  38.60615422
-76.03379700  38.59673241
-76.02535783  38.59807839
-76.01691867  38.60211631
-76.00707298  38.60144332
-76.00004034  38.60615422
-75.99441423  38.61423006
-75.99230444  38.62432486
-75.99511750  38.63105472
-75.98949139  38.63913056
-75.98105223  38.64316848
-75.97683264  38.64989834
-75.96909674  38.65864716
-75.95995432  38.66403106
-75.94729557  38.66739599
-75.93744988  38.65932015
-75.93604336  38.64720640
-75.94096620  38.63913056
-75.94729557  38.63038173
-75.95221842  38.62028694
-75.95573474  38.61086513
-75.95714126  38.60278929
-75.95995432  38.59134852
-75.96628369  38.58125373
-75.97331633  38.57385088
-75.98667833  38.56846698
-75.99933708  38.56308309
-76.01058930  38.55904517
-76.01973172  38.55635323
-76.03239047  38.55231531
-76.04645574  38.55366128
-76.06192754  38.55568024
-76.07247649  38.55635323
-76.08021239  38.56106413
-76.09287114  38.56510205
-76.10131030  38.57115893
-76.11045273  38.57115893
-76.12170495  38.57048594
-76.13084737  38.57250490
-76.13858327  38.57788879
-76.14631917  38.58058074
-76.15757139  38.58058074
-76.17093340  38.58192671
-76.17515298  38.58596463
-76.17515298  38.59740540
-76.17585624  38.60615422
-76.17023013  38.61288409
-76.18640520  38.59807839
-76.19695415  38.59471345
-76.20679984  38.59404047
-76.21383248  38.59336748
-76.22438143  38.59404047
-76.22930428  38.59807839
-76.26104174  38.84019110
-76.27312406  38.78247808
-76.17201411  38.72111235
-76.23687026  38.59803405
-76.24504138  38.59803405
-76.24994405  38.60258151
-76.25648095  38.59543551
-76.25212302  38.58244278
-76.25430199  38.57139896
-76.26301785  38.56490260
-76.26083889  38.55385878
-76.25157828  38.55320914
-76.23741500  38.55450841
-76.22815439  38.55775659
-76.21943853  38.56360332
-76.20908844  38.56815078
-76.19819361  38.56685150
-76.18838826  38.56360332
-76.17858291  38.55580769
-76.17640395  38.54411423
-76.18076188  38.53177114
-76.19056723  38.52267623
-76.20255154  38.51553023
-76.21017792  38.51293168
-76.21998327  38.50773459
-76.22924388  38.50253750
-76.24068345  38.49474186
-76.24776509  38.48694623
-76.25757044  38.48044986
-76.26792053  38.47720168
-76.27881536  38.47720168
-76.28807596  38.48174913
-76.29624709  38.48629659
-76.30332873  38.48239877
-76.30714192  38.47915059
-76.30659717  38.47070532
-76.30169450  38.46355931
-76.29679183  38.45836222
-76.28698648  38.45316513
-76.27881536  38.44407022
-76.27391268  38.43107749
-76.26955475  38.41938404
-76.26356259  38.40769058
-76.25865992  38.39924531
-76.25266776  38.39144967
-76.24939931  38.38235476
-76.24504138  38.37455913
-76.23795974  38.37066131
-76.23142284  38.35961749
-76.22325172  38.36481458
-76.21126741  38.36611385
-76.20364102  38.36936204
-76.19438042  38.36871240
-76.18511981  38.36871240
-76.17912766  38.36546422
-76.17204602  38.36221603
-76.16278541  38.35831822
-76.15624851  38.35182185
-76.15461429  38.34077803
-76.28971019  38.46745713
-76.22161749  38.39339858
-76.16823282  38.48239877
-76.17858291  38.57009969
-76.23251233  38.57854496
-76.15352480  38.33038385
-76.14535368  38.32778530
-76.13609307  38.32518676
-76.12901143  38.31609185
-76.12465350  38.30634730
-76.11484815  38.30439839
-76.10504281  38.30244948
-76.09632694  38.29985094
-76.08870056  38.29790203
-76.08161892  38.29270494
-76.07290306  38.28685821
-76.06908987  38.27386548
-76.06963461  38.26217203
-76.06636616  38.25177784
-76.06091874  38.24203330
-76.05765029  38.23423766
-76.05383710  38.23228875
-76.05492659  38.24593112
-76.05656081  38.25762457
-76.05547133  38.26801876
-76.04784495  38.26931803
-76.04185279  38.26931803
-76.04893443  38.27971221
-76.05274762  38.29075603
-76.05710555  38.30050058
-76.05873978  38.31284367
-76.05492659  38.32648603
-76.05928452  38.27971221
-76.07780573  38.31544221
-76.02224209  38.40704095
-76.04512124  38.33233276
-76.03695011  38.33298240
-76.02660003  38.33168312
-76.02169735  38.33817949
-76.02169735  38.34922331
-76.02006313  38.35896785
-76.01679468  38.36741313
-76.00698933  38.37066131
-75.99663924  38.37261022
-75.98302070  38.37325985
-75.97321536  38.37196058
-75.95959682  38.36546422
-75.96885742  38.36546422
-75.95687311  38.35766858
-75.94761250  38.33493131
-75.95033621  38.34662476
-75.94325457  38.32193858
-75.94924673  38.30959549
-75.95741785  38.30764658
-75.96341001  38.30244948
-75.97321536  38.30179985
-75.98356544  38.29855167
-75.99119183  38.29855167
-75.97757329  38.29205530
-75.96776794  38.28685821
-75.96341001  38.27971221
-75.95905208  38.28815748
-75.95687311  38.29725239
-75.94924673  38.30179985
-75.94270983  38.31089476
-75.93344922  38.32193858
-75.92691232  38.32843494
-75.92200965  38.33558094
-75.91383853  38.33688021
-75.90566740  38.34142767
-75.89913051  38.34467585
-75.89259361  38.34922331
-75.88278826  38.35247149
-75.87189343  38.35507003
-75.86208808  38.35701894
-75.85337222  38.35312113
-75.84846954  38.34272694
-75.84901429  38.33233276
-75.84901429  38.32258821
-75.85010377  38.31284367
-75.85936437  38.30894585
-75.86590127  38.30374876
-75.86916972  38.29595312
-75.87679610  38.28555894
-75.88551197  38.28101148
-75.88986990  38.27126694
-75.89313835  38.26152239
-75.88769093  38.25242748
-75.89477257  38.24268294
-75.88387774  38.24268294
-75.87570662  38.24008439
-75.86753550  38.24398221
-75.85881963  38.24463184
-75.84792480  38.24528148
-75.84193265  38.24528148
-75.83212730  38.24463184
-75.82177721  38.24138366
-75.69433401  37.40402309
-75.54536111  37.75167624
-75.54235762  37.76098082
-75.53154507  37.76351844
-75.52673950  37.77282302
-75.52313531  37.78297348
-75.52313531  37.79650742
-75.52313531  37.80496614
-75.51532625  37.81004136
-75.50631579  37.81257898
-75.50211091  37.82103769
-75.49730533  37.82780466
-75.48829487  37.82949641
-75.48048581  37.82949641
-75.47267675  37.83118815
-75.46847187  37.84049273
-75.46366629  37.84725971
-75.45585723  37.85064319
-75.45165234  37.86079365
-75.44804816  37.87263585
-75.44023910  37.86925236
-75.42882585  37.87094411
-75.42041609  37.87178998
-75.41020424  37.86925236
-75.40119378  37.87094411
-75.38917984  37.87094411
-75.38016938  37.87263585
-75.37356171  37.87601933
-75.36575264  37.87686521
-75.35674219  37.87517346
-75.34953382  37.87601933
-75.34112406  37.88616979
-75.33691918  37.89462850
-75.33271430  37.90393309
-75.32730802  37.91577529
-75.32130105  37.92761749
-75.31529408  37.93692208
-75.30868641  37.94707253
-75.29907526  37.95130189
-75.29066549  37.95637712
-75.28585992  37.96652757
-75.28225573  37.97836977
-75.27504737  37.98006152
-75.27144318  37.98852023
-75.26843970  37.99782482
-75.26483551  38.00882115
-75.25702645  38.01051289
-75.24921739  38.01812573
-75.24561320  38.02827619
-75.24140832  38.03842664
-75.23239787  38.04688536
-75.22458880  38.05280646
-75.22158532  38.06295692
-75.21918253  38.07564499
-75.21077277  38.07818260
-75.20356440  38.07818260
-75.19695673  38.08917893
-75.19395324  38.09594590
-75.19635603  38.10694223
-75.19395324  38.11793856
-75.18794627  38.12470553
-75.18073791  38.13316424
-75.17773442  38.14331470
-75.17653303  38.15346516
-75.17653303  38.16530736
-75.16992536  38.16530736
-75.17172745  38.17630368
-75.17052605  38.18814588
-75.16271699  38.19237524
-75.16812326  38.20083396
-75.16632117  38.21267615
-75.15791141  38.21859725
-75.15130374  38.22367248
-75.15010235  38.23720643
-75.14649817  38.24566514
-75.13989050  38.25158624
-75.13328283  38.25835321
-75.13088004  38.27019541
-75.12247028  38.27527064
-75.11706400  38.28288348
-75.11406052  38.29472568
-75.10444936  38.29810917
-75.09784169  38.30149265
-75.08762984  38.30572201
-75.07681729  38.30318440
-75.06780683  38.29895504
-75.05519219  38.28372935
-75.04377894  38.26765780
-75.02996291  38.25158624
-75.02035175  38.23297707
-75.00593502  38.21521377
-74.99692456  38.19322111
-75.68242571  37.40557123
-75.67415886  37.41129870
-75.67167881  37.42275364
-75.67085212  37.43420858
-75.66671870  37.44239068
-75.66341196  37.45466382
-75.66010521  37.46775518
-75.65431842  37.48002833
-75.65183836  37.48984684
-75.64853162  37.50211999
-75.64522488  37.51112030
-75.63943809  37.52421166
-75.63695803  37.53484838
-75.63447797  37.54466690
-75.63034455  37.55530363
-75.62538444  37.56430394
-75.62290438  37.57739529
-75.61794427  37.58966844
-75.61381085  37.60275980
-75.60802405  37.61830579
-75.60058388  37.61830579
-75.59066366  37.62730609
-75.58901029  37.63957924
-75.58653023  37.65185239
-75.58570355  37.66658016
-75.58157012  37.67803510
-75.57661001  37.68949004
-75.57412996  37.69930856
-75.56916985  37.71649096
-75.55676957  37.72303664
-75.55098277  37.73285516
-75.54850272  37.74267368
-75.69978610  37.70667245
-75.56916985  37.86867799
-74.98553012  38.17305204
-74.97652137  38.15089024
-74.96491598  38.12780504
-74.95331059  38.09894853
-74.94093151  38.07355480
-74.92855243  38.04469830
-74.91617335  38.01815031
-74.90456797  37.99391084
-74.89528366  37.96620860
-74.88677304  37.94196913
-74.87594134  37.91657541
-74.86897811  37.89233594
-74.85969380  37.86578795
-74.85273057  37.84039423
-74.84421995  37.81384624
-74.83803041  37.77113861
-74.84035149  37.79076104
-74.83184087  37.74689915
-74.82782266  37.72281208
-74.82400411  37.70646423
-74.82188270  37.68697255
-74.81763987  37.65176178
-74.81806415  37.66873840
-74.81382132  37.61089214
-74.81466989  37.63038382
-74.80872992  37.56059105
-74.80915421  37.58196901
-74.80321424  37.53606926
-74.80236568  37.50966118
-74.80278996  37.48325311
-74.80448709  37.45307245
-74.80533566  37.42352056
-74.80575994  37.39333990
-74.80491138  37.36253048
-74.80406281  37.33737993
-74.80830564  37.32794847
-74.80915421  37.30971432
-74.80957849  37.29273770
-74.81382132  37.28204872
-74.81509417  37.26695839
-74.81721558  37.25312559
-74.81891272  37.23929279
-74.82145841  37.22483122
-74.82485268  37.20911213
-74.82909551  37.19276427
-74.83376262  37.17704518
-74.83800545  37.16069732
-74.84309685  37.13994812
-74.84861253  37.12045645
-74.85412820  37.09844972
-74.86006817  37.08021557
-74.86600813  37.05946637
-74.87364522  37.04123222
-74.88043375  37.02425560
-74.88679800  37.00727898
-75.97089166  36.79015821
-75.96914392  36.78348388
-75.96797877  36.77424249
-75.96768748  36.76397428
-75.96652233  36.75473290
-75.96535717  36.74600492
-75.96011398  36.73779035
-75.95574465  36.73470989
-75.95108403  36.73008919
-75.94584084  36.72392827
-75.94118022  36.71828075
-75.93681089  36.71468688
-75.93389801  36.70441867
-75.93069383  36.69620411
-75.93098512  36.68542249
-75.93040255  36.67412746
-75.93040255  36.66129220
-75.92632451  36.65513127
-75.92399420  36.64537647
-75.91642069  36.63921555
-75.91409039  36.62792052
-75.90739075  36.62432665
-75.90535173  36.61200480
-75.89719565  36.60943775
-75.89486534  36.59454884
-75.88729184  36.59044156
-75.88554411  36.58068676
-75.88233993  36.56990514
-75.87534901  36.57041855
-75.87097968  36.56733809
-75.87068839  36.55604306
-75.86428004  36.55193578
-75.85903685  36.54936873
-75.86690164  36.54423462
-75.86835808  36.53653347
-75.86923195  36.52780549
-75.86544519  36.52369820
-75.86515391  36.51445682
-75.86515391  36.50829589
-75.86573648  36.49956791
-75.85903685  36.49956791
-75.86544519  36.48827289
-75.86515391  36.47697786
-75.85874556  36.47595104
-75.85379365  36.47595104
-75.84796788  36.47338398
-75.84942432  36.46311577
-75.84709401  36.45695485
-75.84126824  36.45438780
-75.84126824  36.44668664
-75.84709401  36.44463300
-75.85000690  36.43641843
-75.85029819  36.42871728
-75.84825917  36.41947589
-75.84301597  36.41074791
-75.83981180  36.39996629
-75.83689891  36.39380537
-75.83981180  36.38610421
-75.84010309  36.37532259
-75.83573376  36.36813485
-75.82932541  36.36762144
-75.81709129  36.36659462
-75.82408222  36.36710803
-75.83165572  36.35529959
-75.82932541  36.34451797
-75.82146062  36.34349115
-75.81592614  36.34400456
-75.81068294  36.34246433
-75.80602233  36.34246433
-75.80136171  36.33681681
-75.81476098  36.33373635
-75.81505227  36.32038768
-75.81388712  36.31319993
-75.81068294  36.30909265
-75.80689619  36.30190490
-75.80689619  36.29060987
-75.80660490  36.28188190
-75.80194429  36.28239531
-75.79670109  36.28290872
-75.80689619  36.27110028
-75.80543975  36.25980525
-75.80136171  36.25672478
-75.79466207  36.25929184
-75.79058403  36.25775161
-75.78621470  36.25518455
-75.78038893  36.25261750
-75.79029274  36.24542976
-75.78971017  36.23156767
-75.78417568  36.22694698
-75.77660218  36.22592016
-75.77019383  36.22643357
-75.77776733  36.21205808
-75.77252414  36.20384351
-75.76553321  36.20281669
-75.75854229  36.20024964
-75.76553321  36.19203507
-75.76553321  36.18176686
-75.75737713  36.17817299
-75.75009492  36.17919981
-75.73902595  36.17817299
-75.72912214  36.17919981
-75.71892704  36.18125345
-75.71018839  36.18484733
-75.69996677  36.18654845
-75.69134929  36.18887591
-75.68140605  36.19275502
-75.67212569  36.19818577
-75.66218245  36.20128906
-75.65223921  36.20749563
-75.64229597  36.21215056
-75.63102696  36.21680548
-75.62108371  36.22378788
-75.60848894  36.22921863
-75.59655705  36.23620102
-75.58595092  36.24240759
-75.57534480  36.24938998
-75.56473867  36.25637237
-75.55413255  36.26257894
-75.54286354  36.27111298
-75.53093165  36.27887119
-75.51899976  36.28662941
-75.50839363  36.29361180
-75.49911327  36.30137001
-75.48850715  36.31145569
-75.47790102  36.31688644
-75.46729490  36.32309301
-75.45867742  36.33007540
-75.44939706  36.33938526
-75.43879094  36.34481601
-75.42884769  36.35412587
-75.41956733  36.35722915
-75.40763544  36.36653901
-75.39769220  36.37584886
-75.38576031  36.38593454
-75.37581707  36.39602022
-75.36388518  36.40455425
-75.35261617  36.41463993
-75.34201004  36.42317397
-75.32875239  36.43325964
-75.31682050  36.44256950
-75.30488860  36.45187936
-75.29361960  36.46506832
-75.28168771  36.47360236
-75.27174446  36.48446386
-75.26047545  36.49532535
-75.24589203  36.50541103
-75.23396014  36.51860000
-75.22401690  36.52790985
-75.21341077  36.54109881
-75.19882735  36.55273614
-75.18755834  36.56437346
-75.17430069  36.57523495
-75.16435744  36.58764810
-75.15242555  36.59928542
-75.14181943  36.61014692
-75.13320195  36.62100842
-75.12458447  36.62721499
-75.11464123  36.63652484
-75.10469799  36.64893798
-75.09077745  36.66367859
-75.08215997  36.67609173
-75.07287961  36.68772905
-75.06293637  36.70014219
-75.05100448  36.71565862
-75.04172412  36.72962341
-75.03310664  36.74436401
-75.02316340  36.75755298
-75.01322016  36.77151776
-75.00261403  36.78703419
-74.99068214  36.80177479
-74.97941314  36.81806704
-74.97145854  36.83513511
-74.96217818  36.85065154
-74.95289782  36.86539215
-74.94428035  36.87858111
-74.93499999  36.89177007
-74.92638251  36.90651068
-74.91776503  36.92202711
-74.91179909  36.93599189
-74.90450738  36.95461160
-74.89655278  36.97245549
-74.89058684  36.98952356
-75.62086946  36.10211625
-75.45019077  36.17970007
-75.30189617  36.27021453
-75.15360157  36.38228005
-75.00530697  36.52020685
-74.88219447  36.71416641
-74.77027402  36.91674639
-74.70591976  37.15380807
-74.68073766  37.39949018
-74.69752573  37.67965399
-74.73949590  37.89516461
-74.80944618  38.08050374
-74.92976067  38.28308372
-75.13121748  38.50290456
-75.97341889  36.20556135
-77.46755694  37.07622425
-77.58227541  38.43825137
-77.03666320  39.35632661
