263.0 30.4
267.8 28.0
263.0 28.0
267.8 30.4
263.238195219 28.6424254882
263.294916893 28.4993627955
263.402057832 28.3908324769
263.540710811 28.1836382323
263.710875832 28.0504419322
264.032298648 28.0356423433
264.429350363 28.1343062693
264.631027424 28.2675025694
265.040683955 28.4598972251
265.39992122 28.6276258993
265.77806571 28.7854881809
266.131000567 28.9581500514
266.616285996 29.0962795478
266.94401122 29.1604110997
267.32215571 29.2541418294
267.624671302 29.3084069887
263.433569873 28.8348201439
263.698271015 28.8496197328
264.038601056 28.8101541624
264.353721465 28.8841521069
264.612120199 29.0420143885
264.694051505 29.3084069887
264.933543016 29.3232065776
264.813797261 29.5797327852
264.662539465 29.7770606372
264.240278118 29.7326618705
265.040683955 29.8905241521
265.576388649 29.7770606372
266.162512608 30.1569167523
266.433516159 29.9595889003
266.849475098 30.0878520041
267.120478649 29.8806577595
267.397784608 29.7622610483
267.643578526 29.6981294964
267.693997792 29.6685303186
267.832650771 29.5156012333
